MOD_LEARN_0_80 
0.000000 25.000000 0.000000 0.000000 0.000000 
96.979210 25.000000 3.020787 0.000000 0.000000 
0.000000 25.000000 0.000000 0.000000 0.000000 
69.047623 25.000000 11.904762 11.904762 10.000000 
0.000000 25.000000 38.461540 38.461540 23.076923 
0.000000 25.000000 0.000000 0.000000 0.000000 
98.591118 25.000000 1.408882 0.000000 0.000000 
0.000000 25.000000 0.000000 0.000000 0.000000 
69.767441 25.000000 11.627907 11.627907 10.000000 
0.000000 25.000000 38.461540 38.461540 23.076923 
0.257320 0.995190 0.995190 0.588977 
0.000000 0.036378 0.053441 0.129565 
0.000000 0.007251 0.005338 0.004891 
0.000000 0.000000 0.000000 0.000000 
0.000000 0.000000 0.000000 0.000000 
0.000000 0.000000 0.000000 0.000000 
1 1 0 144 0.000000 1087.053345 50.117332 10 0 1 2750.000000 2.529775 -1.000000 -1.000000 -1.000000 -0.955556 11 
2 0 0 1 0.000000 46.318668 0.000000 0 0 0 -1.000000 -1.000000 -1.000000 -1.000000 -1.000000 -1.000000 
3 1 0 144 32000.000000 168.474670 34.127998 8 0 3 6.032352 6.032352 6.032352 6.032352 6.032352 6.032352 9 11 8 
4 1 0 144 0.000000 185.136002 34.127998 10 0 3 1500.000000 8.102152 -1.000000 -1.000000 -1.000000 -1.000000 9 11 8 
5 1 0 1 875.000000 55.321331 364.036011 14 0 1 0.017342 8.305908 5.335543 5.335543 5.335543 3.800222 14 
6 1 2 144 0.000000 420.677338 16.260000 4 9 3 3.749404 113.113411 -1.000000 -1.000000 0.000000 -1.000000 8 35 122 94 86 30 54 185 267 38 49 8 
7 1 0 40 840.000000 158.543991 445.827972 17 0 1 5.971199 1.771936 5.971199 5.971199 5.971199 5.971199 26 
8 1 5 2 0.000000 34.127998 420.677338 28 31 1 -1.000000 -1.000000 -1.000000 -1.000000 -1.000000 -1.000000 80 43 121 4 83 113 112 103 165 166 22 174 77 25 159 137 81 3 15 118 20 72 374 57 16 145 36 176 53 21 6 6 
9 1 5 1 0.000000 34.445335 364.036011 28 31 1 -1.000000 -1.000000 -1.000000 -1.000000 -1.000000 -1.000000 80 43 143 4 83 113 112 103 165 166 22 174 77 25 159 137 81 3 15 118 20 72 374 57 16 145 36 176 53 93 14 14 
10 1 5 72 0.000000 79.590668 92.858665 28 13 2 -1.000000 -1.000000 -1.000000 -1.000000 -1.000000 -1.000000 168 170 171 165 166 63 121 158 26 182 24 67 27 26 182 
11 1 5 1 0.000000 50.117332 359.600006 28 31 1 -1.000000 -1.000000 -1.000000 -1.000000 -1.000000 -1.000000 80 43 1 4 83 113 112 103 165 166 22 174 77 25 159 137 81 3 15 118 20 72 374 57 16 145 36 176 53 175 29 29 
12 1 0 144 0.000000 40.182667 12.228000 10 0 5 75.000000 1.866476 -1.000000 -1.000000 -1.000000 -1.000000 42 50 38 34 40 
13 1 0 4 800.000000 27.349335 109.695999 16 0 2 0.711671 4.660060 4.289618 5.163288 5.163288 3.541256 88 69 
14 1 2 144 0.000000 364.036011 12.228000 4 18 2 7.108924 131.039093 -1.000000 -1.000000 0.000000 -1.000000 9 61 129 62 18 180 100 152 70 148 65 151 5 173 52 136 23 153 42 9 
15 1 0 144 1320.000000 256.627991 28.970667 1 0 4 6.575210 1.941059 6.575210 6.575210 6.575210 6.575210 9 11 193 8 
16 1 0 144 72000.000000 222.951996 34.127998 8 0 3 6.367829 6.367829 6.367829 6.367829 6.367829 6.367829 9 11 8 
17 1 0 144 0.000000 18.674667 12.228000 11 0 5 0.000900 -1.000000 -1.000000 -1.000000 -1.000000 -1.000000 42 50 38 34 40 
18 1 0 4 600.000000 27.790668 26.266666 16 0 2 3.364301 1.556010 5.166006 5.166006 5.166006 5.023718 14 110 
19 1 0 4 320.000000 30.158667 109.695999 16 0 2 4.509454 1.550565 5.180588 5.180588 5.180588 4.481725 88 69 
20 1 0 144 1400.000000 381.917328 34.127998 1 0 3 7.208410 2.157091 7.346754 7.346754 7.346754 7.346754 9 11 8 
21 1 2 144 0.000000 86.826668 12.228000 4 6 8 1.524965 53.738209 -1.000000 -1.000000 0.000000 -1.000000 38 119 71 161 28 92 50 49 40 34 8 38 42 45 
22 1 0 144 0.000000 76.273331 28.970667 6 0 4 -1.000000 -1.000000 -1.000000 -1.000000 -1.000000 2.236068 9 11 193 8 
23 1 0 1 800.000000 9.068000 364.036011 26 0 1 5.050710 5.050710 5.050710 5.050710 5.050710 5.050710 14 
24 1 0 336 0.000000 19.591999 33.162666 0 0 2 -1.000000 -1.000000 -1.000000 -1.000000 -1.000000 -1.000000 10 49 
25 1 0 144 0.000000 67.003998 34.127998 0 0 3 -1.000000 -1.000000 -1.000000 -1.000000 -1.000000 -1.000000 9 11 8 
26 1 2 304 0.000000 445.827972 28.340000 4 13 3 13.808157 111.126839 -1.000000 -1.000000 0.000000 -1.000000 10 110 128 157 382 7 47 32 114 33 181 39 146 48 10 49 
27 1 0 304 915.000000 260.689331 33.162666 1 0 2 6.600220 1.948062 6.600220 6.600220 6.600220 6.600220 10 49 
28 1 0 2 0.000000 8.052000 86.826668 0 0 1 -1.000000 -1.000000 -1.000000 -1.000000 -1.000000 -1.000000 21 
29 1 2 144 0.000000 359.600006 15.202667 4 11 2 8.195489 125.654793 -1.000000 -1.000000 0.000000 -1.000000 11 193 46 95 37 154 99 101 98 179 139 50 11 
30 1 0 2 0.000000 27.249334 420.677338 23 0 1 -1.000000 -1.000000 -1.000000 -1.000000 -1.000000 -1.000000 6 
31 1 0 1 800.000000 1731.209351 860.786743 14 0 1 15.655832 4.483633 15.655832 15.655832 15.655832 15.655832 143 
32 1 0 40 1040.000000 545.741333 445.827972 17 0 1 8.355599 2.439568 8.355599 8.355599 8.355599 8.355599 26 
33 1 0 40 6200.000000 1196.769287 445.827972 20 0 1 12.364697 3.562115 12.364697 12.364697 12.364697 12.364697 26 
34 1 5 1 0.000000 17.222668 26.266666 28 41 3 -1.000000 -1.000000 -1.000000 -1.000000 -1.000000 -1.000000 149 12 178 82 115 58 102 17 97 69 93 175 21 158 88 116 60 125 56 44 96 381 87 84 130 376 41 55 89 162 169 76 172 167 182 150 66 78 68 79 163 182 110 175 
35 1 0 2 380.000000 37.104000 420.677338 15 0 1 4.109971 0.082964 2.308281 1.562540 1.562540 2.697077 6 
36 1 0 144 6200.000000 499.306641 34.127998 2 0 3 7.621741 6200.000000 8.069650 8.069650 8.069650 8.421599 9 11 8 
37 1 0 1 570.000000 103.857338 359.600006 14 0 1 12.421184 0.058615 7.814899 5.634432 5.634432 9.935847 29 
38 1 5 2 0.000000 16.260000 86.826668 28 29 1 -1.000000 -1.000000 -1.000000 -1.000000 -1.000000 -1.000000 149 12 178 82 115 58 102 17 97 6 93 175 21 158 88 116 60 125 56 44 96 381 87 84 130 376 41 55 89 21 
39 1 0 40 72000.000000 252.209320 445.827972 27 0 1 6.547999 6.547999 6.547999 6.547999 6.547999 6.547999 26 
40 1 5 4 0.000000 16.964001 109.695999 28 42 2 -1.000000 -1.000000 -1.000000 -1.000000 -1.000000 -1.000000 149 12 178 82 115 58 102 17 97 69 93 175 21 158 88 116 60 125 56 44 96 381 87 84 130 376 41 55 89 162 169 76 172 167 182 150 66 78 68 79 163 121 69 88 
41 1 0 144 1200.000000 81.059998 12.228000 1 0 5 5.161770 1.786713 5.494044 5.494044 5.494044 5.494044 40 34 38 50 42 
42 1 5 1 0.000000 12.228000 69.806664 28 29 1 -1.000000 -1.000000 -1.000000 -1.000000 -1.000000 -1.000000 149 12 178 82 115 58 102 17 97 14 93 175 21 158 88 116 60 125 56 44 96 381 87 84 130 376 41 55 89 93 
43 1 0 144 0.000000 521.761353 34.127998 10 0 3 1000.000000 1.916585 -1.000000 -1.000000 -1.000000 -1.000000 9 11 8 
44 1 0 1 440.000000 33.561333 12.228000 0 0 5 5.201542 5.201542 5.201542 5.201542 5.201542 5.201542 40 34 38 50 42 
45 1 21 1 300.000000 253.333328 0.000000 13 25 0 6.554921 6.554921 6.554921 6.554921 6.554921 -1.000000 149 162 178 115 58 172 167 102 169 97 76 93 175 21 158 60 125 150 56 66 96 163 130 79 55 
46 1 0 1 480.000000 95.049332 26.266666 14 0 3 8.004943 1.055221 5.068638 5.580192 5.580192 7.260377 29 182 110 
47 1 0 40 740.000000 133.377335 445.827972 17 0 1 5.816219 1.728541 5.816219 5.816219 5.816219 5.816219 26 
48 1 5 40 0.000000 28.340000 26.266666 28 17 2 -1.000000 -1.000000 -1.000000 -1.000000 -1.000000 -1.000000 162 169 76 60 172 167 158 26 69 182 150 78 66 55 79 68 163 158 110 
49 1 5 2 0.000000 33.162666 292.601349 28 13 1 -1.000000 -1.000000 -1.000000 -1.000000 -1.000000 -1.000000 168 170 171 63 21 6 121 158 26 24 67 27 106 121 
50 1 5 1 0.000000 15.202667 28.970667 28 29 2 -1.000000 -1.000000 -1.000000 -1.000000 -1.000000 -1.000000 149 12 178 82 115 58 102 17 97 29 93 175 21 158 88 116 60 125 56 44 96 381 87 84 130 376 41 55 89 175 193 
51 1 0 2 500.000000 830.161316 860.786743 15 0 1 2.112719 2.163218 2.929984 2.929984 2.929984 2.724437 143 
52 1 5 1 300.000000 87.514664 364.036011 28 11 1 5.533792 5.533792 5.533792 5.533792 5.533792 -1.000000 149 162 178 115 58 172 167 102 169 97 76 14 
53 1 0 144 0.000000 34.333336 34.127998 0 0 3 -1.000000 -1.000000 -1.000000 -1.000000 -1.000000 -1.000000 9 11 8 
54 1 0 2 520.000000 38.133335 420.677338 15 0 1 0.754558 1.139329 1.564315 1.564315 1.564315 0.938173 6 
55 1 0 144 580.000000 30.144001 12.228000 1 0 8 4.455102 0.832381 5.180498 5.180498 5.180498 5.180498 193 40 34 48 38 50 42 45 
56 1 0 144 0.000000 1.200000 6.674666 0 0 7 -1.000000 -1.000000 -1.000000 -1.000000 -1.000000 -1.000000 40 34 38 50 111 42 45 
57 1 0 144 6000.000000 186.322662 34.127998 8 0 3 6.142262 6.142262 6.142262 6.142262 6.142262 6.142262 9 11 8 
58 1 0 144 0.000000 18.022667 12.228000 3 0 7 -1.000000 -1.000000 -1.000000 -1.000000 -1.000000 -0.954556 45 42 52 50 38 34 40 
59 0 0 144 0.000000 166.709320 0.000000 0 0 0 -1.000000 -1.000000 -1.000000 -1.000000 -1.000000 -1.000000 
60 1 0 144 0.000000 4.066667 6.674666 0 0 10 -1.000000 -1.000000 -1.000000 -1.000000 -1.000000 2.236068 193 48 40 34 110 38 50 111 42 45 
61 1 5 1 0.000000 23.824001 364.036011 28 4 1 -1.000000 -1.000000 -1.000000 -1.000000 -1.000000 -1.000000 149 178 102 97 14 
62 1 0 1 220.000000 20.774668 364.036011 22 0 1 5.122801 5.122801 5.122801 5.122801 5.122801 5.122801 14 
63 1 0 304 0.000000 338.882660 33.162666 0 0 2 -1.000000 -1.000000 -1.000000 -1.000000 -1.000000 -1.000000 49 10 
64 1 0 1 180.000000 3.829334 76.770668 22 0 1 5.018450 5.018450 5.018450 5.018450 5.018450 5.018450 175 
65 1 0 1 660.000000 172.524002 364.036011 14 0 1 14.896004 1.645929 6.544867 6.057289 6.057289 6.911416 14 
66 1 0 304 0.000000 2.800000 16.964001 0 0 4 -1.000000 -1.000000 -1.000000 -1.000000 -1.000000 -1.000000 40 34 48 45 
67 1 0 304 775.000000 109.741333 33.162666 1 0 2 5.670667 1.687787 5.670667 5.670667 5.670667 5.670667 10 49 
68 1 0 304 475.000000 34.366665 16.964001 1 0 4 5.206501 1.557820 5.206501 5.206501 5.206501 5.206501 40 34 110 48 
69 1 2 304 0.000000 109.695999 16.964001 4 6 4 9.331616 136.958221 -1.000000 -1.000000 0.000000 -1.000000 40 142 19 13 104 160 34 40 110 48 
70 1 0 1 580.000000 34.431999 28.970667 14 0 2 5.887011 1.557933 5.206904 5.206904 5.206904 4.150936 14 193 
71 1 0 2 530.000000 10.382667 86.826668 15 0 1 0.156747 3.818941 0.371102 1.516466 1.516466 0.952046 21 
72 1 0 144 775.000000 100.133331 28.970667 1 0 4 5.611500 2.306646 5.611500 5.611500 5.611500 5.611500 9 11 193 8 
73 1 0 1 190.000000 12.252001 76.770668 14 0 1 2.298598 0.001000 7.888980 5.070317 5.070317 1.396833 175 
74 1 0 1 140.000000 2.729333 69.806664 22 0 1 5.011676 5.011676 5.011676 5.011676 5.011676 5.011676 93 
75 1 0 144 0.000000 4.500000 26.266666 0 0 1 -1.000000 -1.000000 -1.000000 -1.000000 -1.000000 -1.000000 110 
76 1 0 304 0.000000 3.406667 16.964001 12 0 5 0.010891 -1.000000 -1.000000 -1.000000 -1.000000 -1.000000 45 52 48 40 34 
77 1 0 144 0.000000 3.600000 28.970667 0 0 4 -1.000000 -1.000000 -1.000000 -1.000000 -1.000000 2.236068 9 11 193 8 
78 1 0 304 0.000000 14.013333 16.964001 6 0 4 -1.000000 -1.000000 -1.000000 -1.000000 -1.000000 -1.000000 40 34 110 48 
79 1 0 304 765.000000 8.416000 16.964001 1 0 5 5.046695 1.513075 5.046695 5.046695 5.046695 5.046695 40 34 110 48 45 
80 1 0 144 0.000000 438.861328 34.127998 10 0 3 800.000000 1.822899 -1.000000 -1.000000 -1.000000 -1.000000 9 11 8 
81 1 0 144 350.000000 463.761322 34.127998 9 0 3 7.850758 7.850758 7.850758 7.850758 7.850758 7.850758 9 11 8 
82 1 0 144 0.000000 68.757339 12.228000 10 0 5 250.000000 3.635975 -1.000000 -1.000000 -1.000000 -1.000000 42 50 38 34 40 
83 1 0 144 0.000000 138.106659 34.127998 10 0 3 750.000000 5.430585 -1.000000 -1.000000 -1.000000 -1.000000 9 11 8 
84 1 0 144 1220.000000 180.082672 12.228000 1 0 5 6.228625 1.809074 6.103836 6.103836 6.103836 6.103836 40 34 38 50 42 
85 1 0 1 380.000000 13.741333 69.806664 14 0 1 2.222838 0.861019 4.481280 5.079489 5.079489 3.294205 93 
86 1 0 2 562.000000 17.524000 420.677338 15 0 1 1.238196 2.602696 1.528779 1.528779 1.528779 0.530399 6 
87 1 0 144 620.000000 47.264000 12.228000 1 0 5 7.852329 1.179101 5.285925 5.285925 5.285925 5.102448 40 34 38 50 42 
88 1 2 144 0.000000 116.929337 12.228000 4 6 5 9.331616 136.958221 -1.000000 -1.000000 0.000000 -1.000000 40 142 19 13 104 160 40 34 38 50 42 
89 1 0 144 0.000000 33.193336 12.228000 7 0 5 40.000000 -1.000000 -1.000000 -1.000000 -1.000000 -1.000000 40 34 38 50 42 
90 1 0 1 440.000000 25.748001 76.770668 14 0 1 6.880872 0.001000 4.094059 5.153427 5.153427 5.619090 175 
91 1 0 1 800.000000 12.962667 28.970667 14 0 2 0.055714 5.789159 4.536167 5.074694 5.074694 2.119836 193 93 
92 1 0 2 350.000000 18.134666 86.826668 15 0 1 1.181403 0.829954 1.529832 1.529832 1.529832 0.218683 21 
93 1 2 144 0.000000 69.806664 12.228000 4 7 7 4.567855 57.302013 -1.000000 -1.000000 0.000000 -1.000000 42 124 131 85 91 177 74 45 9 42 50 40 34 38 
94 1 0 2 500.000000 39.397331 420.677338 15 0 1 1.581311 1.566495 1.566495 1.566495 1.566495 1.151167 6 
95 1 0 1 600.000000 40.033333 359.600006 14 0 1 3.454307 2.056753 5.241398 5.241398 5.241398 4.341139 29 
96 1 0 144 430.000000 8.949333 12.228000 1 0 6 5.130103 0.825732 4.443574 5.049979 5.049979 5.598584 40 34 38 50 42 45 
97 1 0 144 0.000000 1.282667 12.228000 12 0 8 0.509901 -1.000000 -1.000000 -1.000000 -1.000000 -0.911111 45 42 61 52 50 38 34 40 
98 1 0 1 950.000000 129.535995 359.600006 14 0 1 16.590027 1.122572 7.149276 5.792564 5.792564 12.818050 29 
99 1 0 1 950.000000 35.520000 359.600006 14 0 1 11.000066 0.781371 6.425646 5.213604 5.213604 5.573094 29 
100 1 0 1 365.000000 81.740005 364.036011 14 0 1 7.633010 1.640505 5.526871 5.498231 5.498231 4.927085 14 
101 1 0 1 1215.000000 94.394669 359.600006 19 0 1 5.576160 1.661325 5.576160 5.576160 5.576160 5.576160 29 
102 1 0 144 0.000000 5.694667 12.228000 11 0 9 0.001000 -1.000000 -1.000000 -1.000000 -1.000000 2.236068 45 42 61 52 50 193 38 34 40 
103 1 0 144 0.000000 42.394665 34.127998 3 0 3 -1.000000 -1.000000 -1.000000 -1.000000 -1.000000 -1.000000 9 11 8 
104 1 0 4 660.000000 20.062666 109.695999 16 0 2 4.150656 1.599695 5.728065 5.118416 5.118416 5.132219 88 69 
105 1 0 144 0.000000 0.833333 6.674666 0 0 1 -1.000000 -1.000000 -1.000000 -1.000000 -1.000000 -1.000000 111 
106 1 0 144 0.000000 2.833333 28.970667 0 0 2 -1.000000 -1.000000 -1.000000 -1.000000 -1.000000 2.236068 193 49 
107 1 0 144 0.000000 3.666667 6.674666 0 0 1 -1.000000 -1.000000 -1.000000 -1.000000 -1.000000 -1.000000 111 
108 0 0 144 0.000000 76.666664 0.000000 0 0 0 -1.000000 -1.000000 -1.000000 -1.000000 -1.000000 -1.000000 
109 0 0 336 0.000000 76.666664 0.000000 0 0 0 -1.000000 -1.000000 -1.000000 -1.000000 -1.000000 -1.000000 
110 1 7 40 0.000000 26.266666 445.827972 28 20 1 -1.000000 -1.000000 -1.000000 -1.000000 -1.000000 -1.000000 162 169 158 182 69 60 78 150 75 68 163 79 48 123 367 132 156 34 46 18 26 
111 1 0 1 200.000000 6.674666 76.770668 28 4 1 5.035972 5.035972 5.035972 5.035972 5.035972 -1.000000 105 107 56 60 175 
112 1 0 144 0.000000 61.599998 34.127998 12 0 3 0.012487 -1.000000 -1.000000 -1.000000 -1.000000 -0.977278 9 11 8 
113 1 0 144 0.000000 67.818665 34.127998 11 0 3 0.004000 -1.000000 -1.000000 -1.000000 -1.000000 -1.000000 9 11 8 
114 1 0 40 3000.000000 377.872009 445.827972 20 0 1 7.321843 2.150116 7.321843 7.321843 7.321843 7.321843 26 
115 1 0 144 0.000000 31.213333 12.228000 3 0 7 -1.000000 -1.000000 -1.000000 -1.000000 -1.000000 -1.000000 45 42 52 50 38 34 40 
116 1 0 144 0.000000 25.061335 12.228000 0 0 6 -1.000000 -1.000000 -1.000000 -1.000000 -1.000000 2.236068 193 40 34 38 50 42 
117 1 0 1 860.000000 4002.642578 860.786743 14 0 1 29.643553 8.400194 29.643553 29.643553 29.643553 29.643553 143 
118 1 0 144 730.000000 62.596001 28.970667 1 0 4 6.868533 1.606495 5.380341 5.380341 5.380341 5.380341 9 11 193 8 
119 1 0 2 0.000000 4.966666 86.826668 23 0 1 -1.000000 -1.000000 -1.000000 -1.000000 -1.000000 -1.000000 21 
120 1 0 1 305.000000 21.261333 76.770668 14 0 2 2.766331 0.001000 4.814898 5.125798 5.125798 3.671730 182 175 
121 1 2 304 0.000000 292.601349 16.964001 4 6 4 3.099386 103.005623 -1.000000 -1.000000 0.000000 -1.000000 49 140 141 138 133 135 8 49 10 40 
122 1 0 2 1280.000000 37.065331 420.677338 15 0 1 1.562474 1.562474 1.562474 1.562474 1.562474 1.279888 6 
123 1 0 40 760.000000 11.313334 26.266666 25 0 2 5.064537 5.064537 5.064537 5.064537 5.064537 5.064537 110 158 
124 1 0 1 180.000000 5.696000 28.970667 14 0 2 0.603247 0.139263 3.360488 5.029945 5.029945 0.351859 193 93 
125 1 0 144 0.000000 6.200000 12.228000 6 0 6 -1.000000 -1.000000 -1.000000 -1.000000 -1.000000 -1.000000 40 34 38 50 42 45 
126 2 0 1 1450.000000 623.156006 916.165344 19 0 1 8.832327 2.573051 8.832327 8.832327 8.832327 8.832327 261 
127 1 0 1 475.000000 264.003998 860.786743 14 0 1 13.060267 3.711304 7.213771 6.620632 6.620632 8.229967 143 
128 1 8 72 0.000000 68.214668 92.858665 0 0 2 -1.000000 -1.000000 -1.000000 -1.000000 -1.000000 -1.000000 182 26 
129 1 8 1 0.000000 53.958668 364.036011 0 0 1 -1.000000 -1.000000 -1.000000 -1.000000 -1.000000 -1.000000 14 
130 1 0 144 765.000000 9.024000 12.228000 1 0 6 0.201615 4.147424 5.050439 5.050439 5.050439 4.712482 40 34 38 50 42 45 
131 1 0 1 475.000000 10.958667 69.806664 14 0 1 3.699484 0.440017 5.992111 5.062353 5.062353 1.732594 93 
132 1 0 40 650.000000 91.849335 26.266666 17 0 2 5.560486 1.656936 5.560486 5.560486 5.560486 5.560486 110 158 
133 1 0 2 420.000000 33.765331 292.601349 15 0 1 1.556784 1.556784 1.556784 1.556784 1.556784 1.556784 121 
134 1 0 1 600.000000 16.702667 76.770668 14 0 1 3.472967 4.779934 5.097725 5.097725 5.097725 3.315922 175 
135 1 0 2 1280.000000 31.558666 292.601349 15 0 1 1.552979 1.552979 1.552979 1.552979 1.552979 1.552979 121 
136 1 0 1 72000.000000 261.033356 364.036011 27 0 1 6.602338 6.602338 6.602338 6.602338 6.602338 6.602338 14 
137 1 0 144 0.000000 97.418663 34.127998 0 0 3 -1.000000 -1.000000 -1.000000 -1.000000 -1.000000 -1.000000 9 11 8 
138 1 0 2 510.000000 43.125332 292.601349 15 0 1 1.572923 1.572923 1.572923 1.572923 1.572923 1.572923 121 
139 1 0 1 0.000000 21.088001 359.600006 0 0 1 -1.000000 -1.000000 -1.000000 -1.000000 -1.000000 -1.000000 29 
140 1 0 2 0.000000 24.065334 292.601349 0 0 1 -1.000000 -1.000000 -1.000000 -1.000000 -1.000000 -1.000000 121 
141 1 0 2 550.000000 12.898666 292.601349 15 0 1 1.520804 1.520804 1.520804 1.520804 1.520804 1.520804 121 
142 1 0 4 230.000000 10.492000 109.695999 24 0 2 5.059479 5.059479 5.059479 5.059479 5.059479 5.059479 88 69 
143 1 2 144 0.000000 860.786743 34.445335 4 8 1 24.202166 420.099426 -1.000000 -1.000000 0.000000 -1.000000 117 31 127 144 373 183 377 51 9 
144 1 0 1 1425.000000 433.642670 860.786743 19 0 1 7.665284 2.246279 7.665284 7.665284 7.665284 7.665284 143 
145 1 0 144 72000.000000 874.857300 34.127998 8 0 3 10.382329 10.382329 10.382329 10.382329 10.382329 10.382329 9 11 8 
146 1 0 40 800.000000 15.670667 445.827972 26 0 1 5.091370 5.091370 5.091370 5.091370 5.091370 5.091370 26 
147 2 0 2 0.000000 42.521332 416.685364 0 0 1 -1.000000 -1.000000 -1.000000 -1.000000 -1.000000 -1.000000 195 
148 1 0 1 900.000000 94.636002 364.036011 14 0 1 6.439075 0.224385 5.729024 5.577646 5.577646 5.596220 14 
149 1 0 144 0.000000 12.380000 12.228000 10 0 9 20.000000 1.615509 -1.000000 -1.000000 -1.000000 2.236068 45 42 61 52 50 193 38 34 40 
150 1 0 336 0.000000 2.537333 16.964001 6 0 5 -1.000000 -1.000000 -1.000000 -1.000000 -1.000000 -1.000000 40 34 110 48 45 
151 1 0 1 220.000000 20.826666 364.036011 14 0 1 1.724329 1.534474 5.123121 5.123121 5.123121 4.402066 14 
152 1 0 1 550.000000 43.099998 364.036011 14 0 1 5.864346 1.572879 5.260283 5.260283 5.260283 4.405767 14 
153 1 0 1 0.000000 23.758667 364.036011 22 0 1 -1.000000 -1.000000 -1.000000 -1.000000 -1.000000 -1.000000 14 
154 1 0 1 220.000000 25.840000 359.600006 14 0 1 3.065367 0.998107 5.094959 5.153994 5.153994 2.503314 29 
155 1 0 1 350.000000 23.728001 28.970667 14 0 2 4.852974 1.170351 3.927034 5.140988 5.140988 4.286014 193 175 
156 1 0 72 500.000000 70.065331 26.266666 18 0 3 5.426338 1.619375 5.426338 5.426338 5.426338 5.426338 182 110 158 
157 1 0 72 600.000000 117.441330 92.858665 18 0 2 5.718084 1.701064 5.718084 5.718084 5.718084 5.718084 182 26 
158 1 2 304 0.000000 62.533333 12.228000 4 6 10 5.821776 37.381046 -1.000000 -1.000000 0.000000 -1.000000 48 156 123 367 132 164 49 48 10 40 34 110 38 50 42 45 
159 1 0 144 0.000000 84.769333 34.127998 0 0 3 -1.000000 -1.000000 -1.000000 -1.000000 -1.000000 -1.000000 9 11 8 
160 1 0 4 400.000000 77.084000 109.695999 16 0 2 2.223333 1.631477 5.469559 5.469559 5.469559 4.524978 88 69 
161 1 0 2 1280.000000 18.994667 86.826668 15 0 1 0.598717 0.967224 1.531315 1.531315 1.531315 1.552708 21 
162 1 0 304 0.000000 8.749333 16.964001 10 0 6 20.000000 2.285888 -1.000000 -1.000000 -1.000000 -1.000000 45 52 48 40 34 110 
163 1 0 304 550.000000 32.944000 16.964001 1 0 5 5.197741 1.555367 5.197741 5.197741 5.197741 5.197741 40 34 110 48 45 
164 1 0 40 0.000000 98.085335 62.533333 0 0 1 -1.000000 -1.000000 -1.000000 -1.000000 -1.000000 -1.000000 158 
165 1 0 144 0.000000 90.758667 34.127998 3 0 4 -1.000000 -1.000000 -1.000000 -1.000000 -1.000000 -1.000000 9 11 10 8 
166 1 0 144 0.000000 84.490669 34.127998 3 0 4 -1.000000 -1.000000 -1.000000 -1.000000 -1.000000 -1.000000 9 11 10 8 
167 1 0 336 0.000000 31.660000 16.964001 3 0 5 -1.000000 -1.000000 -1.000000 -1.000000 -1.000000 -1.000000 45 52 48 40 34 
168 1 0 336 0.000000 524.705322 33.162666 10 0 2 850.000000 1.619957 -1.000000 -1.000000 -1.000000 -1.000000 49 10 
169 1 0 336 0.000000 6.398667 16.964001 11 0 6 0.001000 -1.000000 -1.000000 -1.000000 -1.000000 -1.000000 45 52 48 40 34 110 
170 1 0 336 0.000000 72.318665 33.162666 11 0 2 0.004000 -1.000000 -1.000000 -1.000000 -1.000000 -1.000000 49 10 
171 1 0 336 0.000000 70.102669 33.162666 12 0 2 0.012987 -1.000000 -1.000000 -1.000000 -1.000000 -1.000000 49 10 
172 1 0 336 0.000000 37.673332 16.964001 3 0 5 -1.000000 -1.000000 -1.000000 -1.000000 -1.000000 -1.000000 45 52 48 40 34 
173 1 0 1 0.000000 13.397333 92.858665 0 0 2 -1.000000 -1.000000 -1.000000 -1.000000 -1.000000 -1.000000 14 182 
174 1 0 144 0.000000 35.234669 28.970667 7 0 4 125.000000 -1.000000 -1.000000 -1.000000 -1.000000 2.236068 9 11 193 8 
175 1 2 144 0.000000 76.770668 12.228000 4 10 8 4.784739 58.042259 -1.000000 -1.000000 0.000000 -1.000000 50 34 111 64 73 120 155 383 90 134 42 11 193 50 40 34 38 45 
176 1 0 144 5750.000000 4060.525391 34.127998 2 0 3 41.605255 5750.000000 30.000000 30.000000 30.000000 30.000000 9 11 8 
177 1 0 1 330.000000 28.725332 69.806664 14 0 1 4.401519 0.334137 5.945974 5.171762 5.171762 2.679150 93 
178 1 0 144 0.000000 3.500000 12.228000 0 0 8 -1.000000 -1.000000 -1.000000 -1.000000 -1.000000 -1.000000 45 42 61 52 50 38 34 40 
179 1 0 1 800.000000 53.846668 359.600006 14 0 1 0.589649 4.831688 5.326462 5.326462 5.326462 4.284032 29 
180 1 0 1 280.000000 38.457333 28.970667 14 0 2 4.265872 0.507167 5.231692 5.231692 5.231692 4.732275 14 193 
181 1 0 40 1450.000000 3530.074707 445.827972 20 0 1 26.733431 7.585361 26.733431 26.733431 26.733431 26.733431 26 
182 1 2 336 0.000000 92.858665 16.964001 4 10 5 7.040146 86.768066 -1.000000 -1.000000 0.000000 -1.000000 10 156 157 382 128 34 120 46 373 173 10 40 34 110 48 
183 1 0 1 6200.000000 798.586670 860.786743 19 0 1 9.912647 2.875541 9.912647 9.912647 9.912647 9.912647 143 
184 0 0 2 420.000000 142.267990 0.000000 0 0 0 5.870969 5.870969 5.870969 5.870969 5.870969 5.870969 
185 1 0 2 420.000000 146.286667 420.677338 15 0 1 2.062493 1.644409 1.750801 1.750801 1.750801 2.093704 6 
186 2 0 2 220.000000 7.000000 84.786667 15 0 1 0.001000 0.170158 0.279513 1.510633 1.510633 0.086829 206 
187 2 0 144 0.000000 1091.673340 52.549335 10 0 1 3100.000000 2.839677 -1.000000 -1.000000 -1.000000 -1.000000 199 
188 0 0 1 0.000000 41.664001 0.000000 0 0 0 -1.000000 -1.000000 -1.000000 -1.000000 -1.000000 -1.000000 
189 2 0 144 32000.000000 168.532013 34.865334 8 0 3 6.032706 6.032706 6.032706 6.032706 6.032706 6.032706 197 199 196 
190 2 0 1 6600.000000 829.279968 916.165344 19 0 1 10.101660 2.928464 10.101660 10.101660 10.101660 10.101660 261 
191 2 0 144 0.000000 174.757339 34.865334 10 0 3 1000.000000 5.722220 -1.000000 -1.000000 -1.000000 -1.000000 197 199 196 
192 2 0 1 425.000000 76.520004 360.571991 14 0 1 1.543900 1.441965 4.847638 5.466086 5.466086 4.002906 204 
193 1 7 1 0.000000 28.970667 359.600006 28 21 1 -1.000000 -1.000000 -1.000000 -1.000000 -1.000000 -1.000000 149 102 175 116 60 174 77 22 106 381 118 15 376 72 55 50 124 155 91 180 70 29 
194 2 0 1 850.000000 68.552002 360.571991 14 0 1 4.889720 4.792667 5.176914 5.417018 5.417018 5.263502 204 
195 2 2 144 0.000000 416.685364 17.106667 4 7 3 3.343948 97.610840 -1.000000 -1.000000 0.000000 -1.000000 196 207 272 343 357 215 147 220 231 196 
196 2 5 2 0.000000 34.865334 416.685364 28 30 1 -1.000000 -1.000000 -1.000000 -1.000000 -1.000000 -1.000000 260 305 191 217 297 285 296 286 348 349 208 325 257 211 338 317 263 189 345 359 236 253 378 346 254 326 273 219 206 195 195 
197 2 5 1 0.000000 37.689335 360.571991 28 30 1 -1.000000 -1.000000 -1.000000 -1.000000 -1.000000 -1.000000 260 261 191 217 297 285 296 286 348 349 208 325 257 211 338 317 263 189 345 359 236 253 378 346 254 326 273 219 277 204 204 
198 2 5 72 0.000000 79.547997 98.746666 28 13 2 -1.000000 -1.000000 -1.000000 -1.000000 -1.000000 -1.000000 351 353 354 348 349 247 305 337 212 366 210 238 213 212 366 
199 2 5 1 0.000000 52.549335 355.539978 28 30 1 -1.000000 -1.000000 -1.000000 -1.000000 -1.000000 -1.000000 260 187 191 217 297 285 296 286 348 349 208 325 257 211 338 317 263 189 345 359 236 253 378 346 254 326 273 219 361 214 214 
200 2 0 144 0.000000 41.751999 13.462667 10 0 5 75.000000 1.796321 -1.000000 -1.000000 -1.000000 -0.955556 224 233 220 301 223 
201 2 0 4 800.000000 29.630667 117.319992 16 0 2 1.431271 2.852605 5.177337 5.177337 5.177337 5.054936 251 269 
202 2 0 1 220.000000 4.501333 23.977333 14 0 2 0.658410 0.001000 4.698556 5.022588 5.022588 0.178143 246 277 
203 0 0 144 0.000000 115.139999 0.000000 0 0 0 -1.000000 -1.000000 -1.000000 -1.000000 -1.000000 -1.000000 
204 2 2 144 0.000000 360.571991 13.462667 4 17 2 7.616366 134.798706 -1.000000 -1.000000 0.000000 -1.000000 197 246 303 192 308 205 221 336 339 298 270 194 314 328 234 360 332 224 197 
205 2 0 1 400.000000 42.413334 29.302668 14 0 3 5.467650 1.571695 5.374177 5.256054 5.256054 5.425669 204 366 294 
206 2 2 144 0.000000 84.786667 13.462667 4 6 8 1.593500 54.088276 -1.000000 -1.000000 0.000000 -1.000000 220 252 358 323 356 186 233 231 301 223 196 220 224 226 
207 2 0 2 410.000000 44.081333 416.685364 15 0 1 1.137212 0.633428 1.574571 1.574571 1.574571 1.296607 195 
208 2 0 144 0.000000 76.093338 23.977333 6 0 4 -1.000000 -1.000000 -1.000000 -1.000000 -1.000000 2.236068 197 246 199 196 
209 2 0 40 840.000000 155.294662 434.472015 17 0 1 5.951189 1.766333 5.951189 5.951189 5.951189 5.951189 212 
210 2 0 336 0.000000 18.209333 36.662666 6 0 2 -1.000000 -1.000000 -1.000000 -1.000000 -1.000000 -1.000000 198 231 
211 2 0 144 0.000000 68.289330 34.865334 0 0 3 -1.000000 -1.000000 -1.000000 -1.000000 -1.000000 -1.000000 197 199 196 
212 2 2 304 0.000000 434.472015 29.166666 4 13 3 14.049093 111.215454 -1.000000 -1.000000 0.000000 -1.000000 198 294 312 324 333 209 228 216 299 386 218 222 327 230 198 231 
213 2 0 304 890.000000 281.085327 36.662666 1 0 2 6.725821 1.983230 6.725821 6.725821 6.725821 6.725821 198 231 
214 2 2 144 0.000000 355.539978 16.038668 4 13 2 8.805564 165.367462 -1.000000 -1.000000 0.000000 -1.000000 199 318 311 304 266 384 370 282 363 385 320 280 242 233 199 
215 2 0 2 0.000000 27.332001 416.685364 23 0 1 -1.000000 -1.000000 -1.000000 -1.000000 -1.000000 -1.000000 195 
216 2 0 40 1120.000000 569.654663 434.472015 17 0 1 8.502860 2.480801 8.502860 8.502860 8.502860 8.502860 212 
217 2 0 144 1650.000000 338.137329 34.865334 10 0 3 450.000000 1.330820 7.077152 7.077152 7.077152 7.077152 197 199 196 
218 2 0 40 1450.000000 3794.928223 434.472015 20 0 1 28.364426 8.042039 28.364426 28.364426 28.364426 28.364426 212 
219 2 0 144 6100.000000 3887.871826 34.865334 2 0 3 39.878719 6100.000000 28.936781 28.936781 28.936781 28.936781 197 199 196 
220 2 5 2 0.000000 17.106667 84.786667 28 29 1 -1.000000 -1.000000 -1.000000 -1.000000 -1.000000 -1.000000 330 200 364 265 300 240 284 243 281 195 277 361 206 337 269 302 245 309 237 283 279 369 268 307 313 372 239 235 274 206 
221 2 0 1 275.000000 63.829334 23.977333 14 0 2 4.292646 1.539846 5.506648 5.387936 5.387936 5.280446 246 204 
222 2 0 40 72000.000000 257.519989 434.472015 27 0 1 6.580703 6.580703 6.580703 6.580703 6.580703 6.580703 212 
223 2 5 4 0.000000 19.094667 117.319992 28 42 2 -1.000000 -1.000000 -1.000000 -1.000000 -1.000000 -1.000000 330 200 364 265 300 240 284 243 281 251 277 361 206 337 269 302 245 309 237 283 279 369 268 307 313 372 239 235 274 342 352 256 355 350 366 331 249 258 250 259 344 305 269 251 
224 2 5 1 0.000000 13.462667 23.977333 28 29 2 -1.000000 -1.000000 -1.000000 -1.000000 -1.000000 -1.000000 330 200 364 265 300 240 284 243 281 204 277 361 206 337 269 302 245 309 237 283 279 369 268 307 313 372 239 235 274 277 246 
225 0 0 144 0.000000 517.406677 0.000000 0 0 0 -1.000000 -1.000000 -1.000000 -1.000000 -1.000000 -1.000000 
226 2 21 1 300.000000 253.333328 0.000000 13 25 0 6.554921 6.554921 6.554921 6.554921 6.554921 -1.000000 330 342 364 300 240 355 350 284 352 281 256 277 361 206 337 245 309 331 237 249 279 344 313 259 235 
227 2 0 1 800.000000 13.067999 23.977333 14 0 2 0.047234 6.875085 4.204387 5.075342 5.075342 2.469189 246 277 
228 2 0 40 785.000000 140.801331 434.472015 17 0 1 5.861938 1.741342 5.861938 5.861938 5.861938 5.861938 212 
229 2 0 2 575.000000 1036.083984 916.165344 15 0 1 3.285050 3.285050 3.285050 3.285050 3.285050 3.285050 261 
230 2 5 40 0.000000 29.166666 29.302668 28 17 2 -1.000000 -1.000000 -1.000000 -1.000000 -1.000000 -1.000000 342 352 256 245 355 350 337 212 251 366 331 258 249 235 259 250 344 337 294 
231 2 5 2 0.000000 36.662666 301.761322 28 13 1 -1.000000 -1.000000 -1.000000 -1.000000 -1.000000 -1.000000 351 353 354 247 206 195 305 337 212 210 238 213 289 305 
232 2 0 2 430.000000 41.195999 301.761322 15 0 1 1.569596 1.569596 1.569596 1.569596 1.569596 1.569596 305 
233 2 5 1 0.000000 16.038668 75.662666 28 29 1 -1.000000 -1.000000 -1.000000 -1.000000 -1.000000 -1.000000 330 200 364 265 300 240 284 243 281 214 277 361 206 337 269 302 245 309 237 283 279 369 268 307 313 372 239 235 274 361 
234 2 5 1 300.000000 86.613327 360.571991 28 11 1 5.528242 5.528242 5.528242 5.528242 5.528242 -1.000000 330 342 364 300 240 355 350 284 352 281 256 204 
235 2 0 144 580.000000 31.120001 13.462667 1 0 8 3.873866 1.552222 5.186508 5.186508 5.186508 5.186508 246 223 301 230 220 233 224 226 
236 2 0 144 950.000000 277.932007 34.865334 1 0 3 15.627065 2.326391 7.403615 6.706402 6.706402 6.706402 197 199 196 
237 2 0 144 0.000000 1.200000 7.322667 0 0 7 -1.000000 -1.000000 -1.000000 -1.000000 -1.000000 -1.000000 223 301 220 233 295 224 226 
238 2 0 304 775.000000 114.858665 36.662666 1 0 2 5.702180 1.696610 5.702180 5.702180 5.702180 5.702180 198 231 
239 2 0 144 1200.000000 86.430664 13.462667 1 0 5 5.362557 3.052135 5.527117 5.527117 5.527117 5.527117 223 301 220 233 224 
240 2 0 144 0.000000 18.812000 13.462667 3 0 7 -1.000000 -1.000000 -1.000000 -1.000000 -1.000000 -0.932833 226 224 234 233 220 301 223 
241 2 0 40 320.000000 39.249336 29.302668 17 0 2 5.236570 1.566239 5.236570 5.236570 5.236570 5.236570 294 337 
242 2 0 1 800.000000 12.342667 355.539978 26 0 1 5.070876 5.070876 5.070876 5.070876 5.070876 5.070876 214 
243 2 0 144 435.000000 21.818666 13.462667 11 0 5 38.002991 5.823574 5.578090 5.129230 5.129230 6.481626 224 233 220 301 223 
244 0 0 144 0.000000 174.152008 0.000000 0 0 0 -1.000000 -1.000000 -1.000000 -1.000000 -1.000000 -1.000000 
245 2 0 144 0.000000 4.066667 7.322667 0 0 10 -1.000000 -1.000000 -1.000000 -1.000000 -1.000000 2.236068 246 230 223 301 294 220 233 295 224 226 
246 2 7 1 0.000000 23.977333 360.571991 28 21 1 -1.000000 -1.000000 -1.000000 -1.000000 -1.000000 -1.000000 330 284 277 302 245 325 257 208 289 369 359 345 372 253 235 224 202 310 227 308 221 204 
247 2 0 304 0.000000 337.239990 36.662666 0 0 2 -1.000000 -1.000000 -1.000000 -1.000000 -1.000000 -1.000000 231 198 
248 2 0 1 180.000000 2.876000 75.662666 22 0 1 5.012579 5.012579 5.012579 5.012579 5.012579 5.012579 361 
249 2 0 304 0.000000 2.840000 19.094667 0 0 4 -1.000000 -1.000000 -1.000000 -1.000000 -1.000000 -1.000000 223 301 230 226 
250 2 0 304 475.000000 36.426666 19.094667 1 0 4 5.219187 1.561373 5.219187 5.219187 5.219187 5.219187 223 301 294 230 
251 2 2 304 0.000000 123.759995 19.094667 4 7 3 9.281113 148.422867 -1.000000 -1.000000 0.000000 -1.000000 223 322 329 201 287 340 375 223 294 230 
252 2 0 2 0.000000 4.425333 84.786667 23 0 1 -1.000000 -1.000000 -1.000000 -1.000000 -1.000000 -1.000000 206 
253 2 0 144 775.000000 104.526657 23.977333 1 0 4 5.464236 5.481691 5.638554 5.638554 5.638554 5.638554 197 246 199 196 
254 2 0 144 72000.000000 236.561325 34.865334 8 0 3 6.451637 6.451637 6.451637 6.451637 6.451637 6.451637 197 199 196 
255 2 0 144 0.000000 4.500000 29.302668 0 0 1 -1.000000 -1.000000 -1.000000 -1.000000 -1.000000 -1.000000 294 
256 2 0 304 0.000000 3.473333 19.094667 12 0 5 0.010891 -1.000000 -1.000000 -1.000000 -1.000000 -1.000000 226 234 230 223 301 
257 2 0 144 0.000000 3.116000 23.977333 0 0 4 -1.000000 -1.000000 -1.000000 -1.000000 -1.000000 2.236068 197 246 199 196 
258 2 0 304 0.000000 13.705333 19.094667 6 0 4 -1.000000 -1.000000 -1.000000 -1.000000 -1.000000 -1.000000 223 301 294 230 
259 2 0 304 765.000000 8.605333 19.094667 1 0 5 5.047861 1.513401 5.047861 5.047861 5.047861 5.047861 223 301 294 230 226 
260 2 0 144 0.000000 490.689362 34.865334 10 0 3 900.000000 1.834154 -1.000000 -1.000000 -1.000000 -0.955556 197 199 196 
261 2 2 144 0.000000 916.165344 37.689335 4 8 1 26.081934 502.787231 -1.000000 -1.000000 0.000000 -1.000000 276 371 275 368 379 190 126 229 197 
262 2 0 1 305.000000 23.854666 75.662666 14 0 2 2.502844 1.048610 5.508104 5.141768 5.141768 3.266152 366 361 
263 2 0 144 350.000000 487.079987 34.865334 9 0 3 7.994357 7.994357 7.994357 7.994357 7.994357 7.994357 197 199 196 
264 2 0 1 230.000000 13.322667 75.662666 14 0 1 0.910269 0.058845 4.800691 5.076910 5.076910 2.222007 361 
265 2 0 144 0.000000 67.000000 13.462667 10 0 5 250.000000 3.731343 -1.000000 -1.000000 -1.000000 -1.000000 224 233 220 301 223 
266 2 0 1 550.000000 133.222672 355.539978 14 0 1 11.474678 0.924240 7.540610 5.815267 5.815267 5.906997 214 
267 1 0 2 1280.000000 38.021332 420.677338 15 0 1 1.564122 1.460272 1.564122 1.564122 1.564122 1.233438 6 
268 2 0 144 620.000000 50.823997 13.462667 1 0 5 8.079396 1.586197 5.446507 5.307847 5.307847 5.307847 223 301 220 233 224 
269 2 2 144 0.000000 117.319992 13.462667 4 7 5 9.281113 148.422867 -1.000000 -1.000000 0.000000 -1.000000 223 322 329 201 287 340 375 301 223 220 233 224 
270 2 0 1 870.000000 63.342663 360.571991 14 0 1 3.620920 1.293465 5.384939 5.384939 5.384939 5.384939 204 
271 2 0 2 0.000000 24.094666 301.761322 0 0 1 -1.000000 -1.000000 -1.000000 -1.000000 -1.000000 -1.000000 305 
272 2 0 2 1280.000000 50.453331 416.685364 15 0 1 1.445085 0.869583 1.585558 1.585558 1.585558 4.797285 195 
273 2 0 144 6600.000000 516.160034 34.865334 2 0 3 9.615097 6600.000000 8.841346 8.173435 8.173435 8.413928 197 199 196 
274 2 0 144 0.000000 17.288000 13.462667 7 0 5 25.000000 -1.000000 -1.000000 -1.000000 -1.000000 -1.000000 223 301 220 233 224 
275 2 0 1 600.000000 233.018646 916.165344 14 0 1 6.429821 1.900350 6.429821 6.429821 6.429821 6.429821 261 
276 2 0 1 900.000000 3687.585205 916.165344 14 0 1 27.703396 7.856951 27.703396 27.703396 27.703396 27.703396 261 
277 2 2 144 0.000000 64.666672 13.462667 4 5 8 4.689921 54.125221 -1.000000 -1.000000 0.000000 -1.000000 224 202 334 341 227 226 197 246 224 233 301 223 220 
278 2 0 1 315.000000 24.182667 75.662666 14 0 1 4.100968 0.094244 5.478564 5.143787 5.143787 5.816566 361 
279 2 0 144 435.000000 9.269334 13.462667 1 0 6 3.567586 0.001000 5.300896 5.051950 5.051950 4.599407 223 301 220 233 224 226 
280 2 0 1 72000.000000 273.894684 355.539978 27 0 1 6.681540 6.681540 6.681540 6.681540 6.681540 6.681540 214 
281 2 0 144 0.000000 1.300000 13.462667 12 0 7 0.509901 -1.000000 -1.000000 -1.000000 -1.000000 -1.000000 226 224 234 233 220 301 223 
282 2 0 1 900.000000 25.306667 355.539978 14 0 1 6.746730 0.001000 7.623188 5.150709 5.150709 3.975058 214 
283 2 0 1 410.000000 29.182667 13.462667 0 0 5 5.174578 5.174578 5.174578 5.174578 5.174578 5.174578 223 301 220 233 224 
284 2 0 144 0.000000 5.785333 13.462667 11 0 8 0.001000 -1.000000 -1.000000 -1.000000 -1.000000 2.236068 226 224 246 234 233 220 301 223 
285 2 0 144 650.000000 238.061325 34.865334 11 0 3 0.003500 6.502007 6.460874 6.460874 6.460874 6.460874 197 199 196 
286 2 0 144 0.000000 43.614666 34.865334 3 0 3 -1.000000 -1.000000 -1.000000 -1.000000 -1.000000 -1.000000 197 199 196 
287 2 0 4 650.000000 22.442667 117.319992 16 0 2 3.806042 1.015631 5.772031 5.133072 5.133072 5.803134 251 269 
288 2 0 144 0.000000 0.833333 7.322667 0 0 1 -1.000000 -1.000000 -1.000000 -1.000000 -1.000000 -1.000000 295 
289 2 0 144 0.000000 2.833333 23.977333 0 0 2 -1.000000 -1.000000 -1.000000 -1.000000 -1.000000 2.236068 246 231 
290 2 0 144 0.000000 3.666667 7.322667 0 0 1 -1.000000 -1.000000 -1.000000 -1.000000 -1.000000 -1.000000 295 
291 0 0 144 0.000000 108.333336 0.000000 0 0 0 -1.000000 -1.000000 -1.000000 -1.000000 -1.000000 -1.000000 
292 0 0 336 0.000000 108.333336 0.000000 0 0 0 -1.000000 -1.000000 -1.000000 -1.000000 -1.000000 -1.000000 
293 2 0 1 600.000000 17.502666 75.662666 14 0 1 2.583824 6.957258 5.248372 5.102652 5.102652 4.652540 361 
294 2 7 40 0.000000 29.302668 434.472015 28 20 1 -1.000000 -1.000000 -1.000000 -1.000000 -1.000000 -1.000000 342 352 337 366 251 245 258 331 255 250 344 259 230 306 241 315 335 301 318 205 212 
295 2 0 1 200.000000 7.322667 75.662666 28 4 1 5.039962 5.039962 5.039962 5.039962 5.039962 -1.000000 288 290 237 245 361 
296 2 0 144 0.000000 60.337334 34.865334 12 0 3 0.012232 -1.000000 -1.000000 -1.000000 -1.000000 -0.977278 197 199 196 
297 2 0 144 0.000000 70.035995 34.865334 11 0 3 0.004000 -1.000000 -1.000000 -1.000000 -1.000000 -1.000000 197 199 196 
298 2 0 1 700.000000 20.953333 360.571991 14 0 1 3.383796 0.001000 6.385057 5.123901 5.123901 8.436797 204 
299 2 0 40 3100.000000 371.137329 434.472015 20 0 1 7.280370 2.138504 7.280370 7.280370 7.280370 7.280370 212 
300 2 0 144 0.000000 32.733334 13.462667 3 0 7 -1.000000 -1.000000 -1.000000 -1.000000 -1.000000 -1.000000 226 224 234 233 220 301 223 
301 2 5 1 0.000000 19.530666 29.302668 28 41 3 -1.000000 -1.000000 -1.000000 -1.000000 -1.000000 -1.000000 330 200 364 265 300 240 284 243 281 366 277 361 206 337 269 302 245 309 237 283 279 369 268 307 313 372 239 235 274 342 352 256 355 350 366 331 249 258 250 259 344 366 294 361 
302 2 0 144 0.000000 25.061335 13.462667 0 0 6 -1.000000 -1.000000 -1.000000 -1.000000 -1.000000 2.236068 246 223 301 220 233 224 
303 2 8 1 0.000000 51.152000 360.571991 0 0 1 -1.000000 -1.000000 -1.000000 -1.000000 -1.000000 -1.000000 204 
304 2 0 1 575.000000 134.605331 98.746666 14 0 2 12.827195 1.571470 7.061732 5.823781 5.823781 6.149800 214 366 
305 2 2 304 0.000000 301.761322 19.094667 4 6 4 3.088745 101.648399 -1.000000 -1.000000 0.000000 -1.000000 231 271 321 319 232 316 196 231 198 223 
306 2 0 40 760.000000 10.722667 29.302668 25 0 2 5.060900 5.060900 5.060900 5.060900 5.060900 5.060900 294 337 
307 2 0 144 1245.000000 189.480011 13.462667 1 0 5 8.648872 1.825278 6.161705 6.161705 6.161705 6.183927 223 301 220 233 224 
308 2 0 1 230.000000 22.610666 23.977333 14 0 2 2.072338 1.537550 5.134107 5.134107 5.134107 4.474306 246 204 
309 2 0 144 0.000000 6.200000 13.462667 6 0 6 -1.000000 -1.000000 -1.000000 -1.000000 -1.000000 -1.000000 223 301 220 233 224 226 
310 2 0 1 350.000000 26.658667 23.977333 14 0 2 2.713375 0.180423 5.159035 5.159035 5.159035 4.993280 246 361 
311 2 0 1 570.000000 87.097336 355.539978 14 0 1 9.115480 1.105234 7.445714 5.531222 5.531222 11.715297 214 
312 2 8 72 0.000000 68.257339 98.746666 0 0 2 -1.000000 -1.000000 -1.000000 -1.000000 -1.000000 -1.000000 366 212 
313 2 0 144 765.000000 8.673334 13.462667 1 0 6 0.023458 3.296809 5.048280 5.048280 5.048280 4.567948 223 301 220 233 224 226 
314 2 0 1 0.000000 13.794665 98.746666 0 0 2 -1.000000 -1.000000 -1.000000 -1.000000 -1.000000 -1.000000 204 366 
315 2 0 40 685.000000 94.840004 29.302668 17 0 2 5.578903 1.662093 5.578903 5.578903 5.578903 5.578903 294 337 
316 2 0 2 1280.000000 33.781334 301.761322 15 0 1 1.556811 1.556811 1.556811 1.556811 1.556811 1.556811 305 
317 2 0 144 0.000000 99.617332 34.865334 0 0 3 -1.000000 -1.000000 -1.000000 -1.000000 -1.000000 -1.000000 197 199 196 
318 2 0 1 440.000000 61.017334 29.302668 14 0 3 6.858892 0.632236 5.370619 5.370619 5.370619 5.026215 214 366 294 
319 2 0 2 510.000000 42.446667 301.761322 15 0 1 1.571753 1.571753 1.571753 1.571753 1.571753 1.571753 305 
320 2 0 1 800.000000 56.949333 355.539978 14 0 1 2.299385 5.368001 5.345568 5.345568 5.345568 5.163192 214 
321 2 0 2 520.000000 11.144000 301.761322 15 0 1 1.517778 1.517778 1.517778 1.517778 1.517778 1.517778 305 
322 2 0 4 230.000000 9.018667 117.319992 24 0 2 5.050406 5.050406 5.050406 5.050406 5.050406 5.050406 251 269 
323 2 0 2 1280.000000 20.688000 84.786667 15 0 1 0.176061 0.102321 1.214091 1.534235 1.534235 3.788079 206 
324 2 0 72 600.000000 107.926674 98.746666 18 0 2 5.659492 1.684658 5.659492 5.659492 5.659492 5.659492 366 212 
325 2 0 144 0.000000 36.805336 23.977333 7 0 4 125.000000 -1.000000 -1.000000 -1.000000 -1.000000 2.236068 197 246 199 196 
326 2 0 144 72000.000000 822.081360 34.865334 8 0 3 10.057329 10.057329 10.057329 10.057329 10.057329 10.057329 197 199 196 
327 2 0 40 800.000000 16.505333 434.472015 26 0 1 5.096510 5.096510 5.096510 5.096510 5.096510 5.096510 212 
328 2 0 1 0.000000 87.226669 360.571991 0 0 1 -1.000000 -1.000000 -1.000000 -1.000000 -1.000000 -1.000000 204 
329 2 0 4 320.000000 33.741333 117.319992 16 0 2 5.413753 1.556742 4.827713 5.202651 5.202651 5.549549 251 269 
330 2 0 144 0.000000 12.280001 13.462667 10 0 8 20.000000 1.628664 -1.000000 -1.000000 -1.000000 2.236068 226 224 246 234 233 220 301 223 
331 2 0 336 0.000000 2.532000 19.094667 6 0 5 -1.000000 -1.000000 -1.000000 -1.000000 -1.000000 -1.000000 223 301 294 230 226 
332 2 0 1 0.000000 30.869333 360.571991 22 0 1 -1.000000 -1.000000 -1.000000 -1.000000 -1.000000 -1.000000 204 
333 2 0 72 920.000000 456.953308 98.746666 18 0 2 7.808833 2.286473 7.808833 7.808833 7.808833 7.808833 366 212 
334 2 0 1 475.000000 9.672000 64.666672 14 0 1 0.924133 0.959920 5.798337 5.054430 5.054430 3.482263 277 
335 2 0 72 500.000000 73.102669 29.302668 18 0 3 5.445042 1.624612 5.445042 5.445042 5.445042 5.445042 366 294 337 
336 2 0 1 550.000000 246.749344 360.571991 14 0 1 11.954625 1.701914 8.307967 6.514376 6.514376 6.682061 204 
337 2 2 304 0.000000 61.000000 13.462667 4 6 10 5.895639 38.340046 -1.000000 -1.000000 0.000000 -1.000000 230 335 306 241 315 347 231 230 198 301 223 294 220 233 224 226 
338 2 0 144 0.000000 84.310669 34.865334 0 0 3 -1.000000 -1.000000 -1.000000 -1.000000 -1.000000 -1.000000 197 199 196 
339 2 0 1 340.000000 97.306664 360.571991 14 0 1 6.447278 2.199965 5.594093 5.594093 5.594093 5.465211 204 
340 2 0 4 400.000000 75.054672 117.319992 16 0 2 4.467253 1.627977 5.457063 5.457063 5.457063 5.331846 251 269 
341 2 0 1 380.000000 16.247999 64.666672 14 0 1 1.460922 0.092499 4.396592 5.094925 5.094925 3.443923 277 
342 2 0 304 0.000000 8.656000 19.094667 10 0 6 20.000000 2.310536 -1.000000 -1.000000 -1.000000 -1.000000 226 234 230 223 301 294 
343 2 0 2 500.000000 40.850666 416.685364 15 0 1 1.051595 1.169201 1.569001 1.569001 1.569001 1.404241 195 
344 2 0 304 550.000000 34.344002 19.094667 1 0 5 5.206362 1.557781 5.206362 5.206362 5.206362 5.206362 223 301 294 230 226 
345 2 0 144 1335.000000 253.286667 23.977333 1 0 4 8.327663 1.935297 6.554634 6.554634 6.554634 6.554634 197 246 199 196 
346 2 0 144 3500.000000 180.156006 34.865334 8 0 3 6.104287 6.104287 6.104287 6.104287 6.104287 6.104287 197 199 196 
347 2 0 40 0.000000 95.081337 61.000000 0 0 1 -1.000000 -1.000000 -1.000000 -1.000000 -1.000000 -1.000000 337 
348 2 0 144 0.000000 92.375999 34.865334 3 0 4 -1.000000 -1.000000 -1.000000 -1.000000 -1.000000 -1.000000 197 199 198 196 
349 2 0 144 0.000000 84.866669 34.865334 3 0 4 -1.000000 -1.000000 -1.000000 -1.000000 -1.000000 -1.000000 197 199 198 196 
350 2 0 336 0.000000 31.386667 19.094667 3 0 5 -1.000000 -1.000000 -1.000000 -1.000000 -1.000000 -1.000000 226 234 230 223 301 
351 2 0 336 0.000000 537.971985 36.662666 10 0 2 950.000000 1.765891 -1.000000 -1.000000 -1.000000 -1.000000 231 198 
352 2 0 336 0.000000 6.292000 19.094667 11 0 6 0.001000 -1.000000 -1.000000 -1.000000 -1.000000 -1.000000 226 234 230 223 301 294 
353 2 0 336 0.000000 98.034668 36.662666 11 0 2 0.004000 -1.000000 -1.000000 -1.000000 -1.000000 -1.000000 231 198 
354 2 0 336 0.000000 68.701332 36.662666 12 0 2 0.012987 -1.000000 -1.000000 -1.000000 -1.000000 -1.000000 231 198 
355 2 0 336 0.000000 37.030666 19.094667 3 0 5 -1.000000 -1.000000 -1.000000 -1.000000 -1.000000 -1.000000 226 234 230 223 301 
356 2 0 2 0.000000 8.696000 84.786667 0 0 1 -1.000000 -1.000000 -1.000000 -1.000000 -1.000000 -1.000000 206 
357 2 0 2 550.000000 14.397333 416.685364 15 0 1 0.917288 6.716561 1.523388 1.523388 1.523388 0.968697 195 
358 2 0 2 502.000000 9.247999 84.786667 15 0 1 0.299018 1.919787 0.010819 1.514509 1.514509 0.261995 206 
359 2 0 144 730.000000 67.293335 23.977333 1 0 4 10.138699 1.505523 5.771250 5.409267 5.409267 5.409267 197 246 199 196 
360 2 0 1 0.000000 11.010667 360.571991 0 0 1 -1.000000 -1.000000 -1.000000 -1.000000 -1.000000 -1.000000 204 
361 2 2 144 0.000000 75.662666 13.462667 4 10 7 4.723889 60.287365 -1.000000 -1.000000 0.000000 -1.000000 233 301 295 248 264 262 310 278 365 293 224 199 233 301 223 220 226 
362 0 0 1 0.000000 21.545334 0.000000 0 0 0 -1.000000 -1.000000 -1.000000 -1.000000 -1.000000 -1.000000 
363 2 0 1 1240.000000 91.059998 355.539978 19 0 1 5.555625 1.655575 5.555625 5.555625 5.555625 5.555625 214 
364 2 0 144 0.000000 4.200000 13.462667 0 0 7 -1.000000 -1.000000 -1.000000 -1.000000 -1.000000 -1.000000 226 224 234 233 220 301 223 
365 2 0 1 710.000000 18.858667 75.662666 19 0 1 5.111002 1.531080 5.111002 5.111002 5.111002 5.111002 361 
366 2 2 336 0.000000 98.746666 19.094667 4 13 6 7.504087 109.991219 -1.000000 -1.000000 0.000000 -1.000000 198 335 324 333 304 312 301 262 318 205 379 370 314 198 301 223 301 294 230 
367 1 0 40 320.000000 40.540001 26.266666 17 0 2 5.244518 1.568465 5.244518 5.244518 5.244518 5.244518 110 158 
368 2 0 1 590.000000 1812.053345 916.165344 14 0 1 16.153679 4.623030 16.153679 16.153679 16.153679 16.153679 261 
369 2 0 144 435.000000 20.455999 13.462667 1 0 6 5.394678 2.202147 5.120838 5.120838 5.120838 5.120838 246 223 301 220 233 224 
370 2 0 1 0.000000 146.413330 98.746666 0 0 2 -1.000000 -1.000000 -1.000000 -1.000000 -1.000000 -1.000000 214 366 
371 2 0 1 420.000000 745.731995 916.165344 14 0 1 10.124941 2.785030 9.587162 9.587162 9.587162 9.587162 261 
372 2 0 144 840.000000 49.183998 13.462667 1 0 6 4.938573 2.360819 5.297749 5.297749 5.297749 5.297749 246 223 301 220 233 224 
373 1 0 1 350.000000 121.045334 92.858665 14 0 2 7.996694 1.804877 5.740278 5.740278 5.740278 5.394436 143 182 
374 1 0 144 2400.000000 219.680008 34.127998 1 0 3 4.935057 3.861717 6.347680 6.347680 6.347680 6.347680 9 11 8 
375 2 0 4 275.000000 76.281334 117.319992 16 0 2 8.371988 1.112946 5.464616 5.464616 5.464616 6.097829 251 269 
376 1 0 144 840.000000 51.228004 12.228000 1 0 6 5.310336 2.776937 5.310336 5.310336 5.310336 5.310336 193 40 34 38 50 42 
377 1 0 1 3500.000000 348.056000 860.786743 27 0 1 7.138233 7.138233 7.138233 7.138233 7.138233 7.138233 143 
378 2 0 144 2400.000000 253.080002 34.865334 1 0 3 6.450493 6.220925 6.553361 6.553361 6.553361 6.553361 197 199 196 
379 2 0 1 870.000000 180.032013 98.746666 14 0 2 10.249003 1.808987 6.410317 6.103524 6.103524 7.161277 261 366 
380 0 0 2 600.000000 17.524000 0.000000 0 0 0 5.102783 5.102783 5.102783 5.102783 5.102783 5.102783 
381 1 0 144 475.000000 19.511999 12.228000 1 0 6 6.250146 0.416273 5.504817 5.115025 5.115025 4.873380 193 40 34 38 50 42 
382 1 0 72 880.000000 407.869324 92.858665 18 0 2 7.506569 2.201839 7.506569 7.506569 7.506569 7.506569 182 26 
383 1 0 1 710.000000 16.888000 76.770668 19 0 1 5.098866 1.527683 5.098866 5.098866 5.098866 5.098866 175 
384 2 0 1 700.000000 121.501328 355.539978 14 0 1 10.907934 3.014057 5.743086 5.743086 5.743086 9.453901 214 
385 2 0 1 1275.000000 158.953339 355.539978 19 0 1 5.973719 1.772641 5.973719 5.973719 5.973719 5.973719 214 
386 2 0 40 6600.000000 1677.111938 434.472015 20 0 1 15.322696 4.390355 15.322696 15.322696 15.322696 15.322696 212 
0 
-1.000000 -1.000000 -1.000000 -1.000000 -1.000000 -1.000000 -1.000000 -1.000000 -1.000000 

18 15 20 27 41 55 67 68 72 79 84 87 96 118 130 163 374 376 381 
381.917328 8.416000 105.243111 203.402344 7.199219 59.307510 2400.000000 430.000000 901.944458 

2 36 176 
4060.525391 499.306641 2279.916016 2628.753906 332.753906 1480.753906 6200.000000 5750.000000 5975.000000 

7 58 103 115 165 166 167 172 
90.758667 18.022667 48.030479 79.652344 11.425781 39.324776 -1.000000 -1.000000 -1.000000 

13 6 14 21 26 29 69 88 93 121 143 158 175 182 
860.786743 62.533333 258.380829 191.812500 23.632813 69.168266 -1.000000 -1.000000 -1.000000 

0 
-1.000000 -1.000000 -1.000000 -1.000000 -1.000000 -1.000000 -1.000000 -1.000000 -1.000000 

4 22 78 125 150 
76.273331 2.537333 24.755999 46.093750 3.562500 15.123047 4100.000000 0.000000 2550.000000 

2 89 174 
35.234669 33.193336 34.214005 38.886719 35.468750 37.177734 760.000000 500.000000 630.000000 

4 3 16 57 145 
874.857300 168.474670 363.151672 697.082031 202.472656 395.713867 -1.000000 -1.000000 -1.000000 

1 81 
463.761322 463.761322 463.761322 281.972656 281.972656 281.972656 -1.000000 -1.000000 -1.000000 

10 1 4 12 43 80 82 83 149 162 168 
1087.053345 8.749333 302.569305 615.347656 8.546875 202.398834 2750.000000 0.000000 799.500000 

5 17 102 113 169 170 
72.318665 5.694667 34.181068 138.164063 7.031250 44.214062 0.004000 0.000900 0.002180 

4 76 97 112 171 
70.102669 1.282667 34.098000 191.265625 10.175781 87.409180 -1.000000 -1.000000 -1.000000 

1 45 
253.333328 253.333328 253.333328 292.968750 292.968750 292.968750 -1.000000 -1.000000 -1.000000 

29 5 31 37 46 65 70 73 85 90 91 95 98 99 100 117 120 124 127 131 134 148 151 152 154 155 177 179 180 373 
4002.642578 5.696000 252.255051 1249.222656 5.546875 108.007271 950.000000 180.000000 535.689636 

15 35 51 54 71 86 92 94 122 133 135 138 141 161 185 267 
830.161316 10.382667 90.170235 487.062500 15.925781 81.945053 1280.000000 350.000000 690.799988 

5 13 18 19 104 160 
77.084000 20.062666 36.489067 79.457031 12.476563 27.796875 800.000000 320.000000 556.000000 

5 7 32 47 132 367 
545.741333 40.540001 194.010391 229.414063 25.488281 89.892967 1040.000000 320.000000 718.000000 

3 156 157 382 
407.869324 70.065331 198.458664 191.746094 38.648438 99.932289 880.000000 500.000000 660.000000 

4 101 144 183 383 
798.586670 16.888000 335.877991 395.382813 11.710938 212.928711 -1.000000 -1.000000 -1.000000 

3 33 114 181 
3530.074707 377.872009 1701.571899 1170.011719 87.175781 572.005188 -1.000000 -1.000000 -1.000000 

0 
-1.000000 -1.000000 -1.000000 -1.000000 -1.000000 -1.000000 -1.000000 -1.000000 -1.000000 

4 62 64 74 153 
23.758667 2.729333 12.773001 68.871094 3.562500 22.167969 -1.000000 -1.000000 -1.000000 

2 30 119 
27.249334 4.966666 16.108000 50.074219 10.097656 30.085938 -1.000000 -1.000000 -1.000000 

1 142 
10.492000 10.492000 10.492000 15.218750 15.218750 15.218750 -1.000000 -1.000000 -1.000000 

1 123 
11.313334 11.313334 11.313334 8.054688 8.054688 8.054688 -1.000000 -1.000000 -1.000000 

2 23 146 
15.670667 9.068000 12.369333 26.203125 19.285156 22.744141 -1.000000 -1.000000 -1.000000 

3 39 136 377 
348.056000 252.209320 287.099579 542.753906 333.570313 416.688812 -1.000000 -1.000000 -1.000000 

17 8 9 10 11 34 38 40 42 45 48 49 50 52 61 110 111 193 
253.333328 6.674666 44.955608 292.968750 13.488281 51.836395 300.000000 40.000000 146.176468 

25.500000 112.500000 29.333334 57.498627 

147.899994 370.799988 74.633331 273.700012 

62.099998 100.199997 13.033333 80.160004 

86.400002 100.199997 4.933332 90.480003 

79.500000 93.000000 4.833333 85.200005 

0.000000 0.000000 0.333333 0.000000 

0 
-1.000000 -1.000000 -1.000000 -1.000000 -1.000000 -1.000000 -1.000000 -1.000000 -1.000000 

18 213 235 236 238 239 250 253 259 268 279 307 313 344 345 359 369 372 378 
281.085327 8.605333 104.270882 215.921875 6.832031 60.124130 2400.000000 435.000000 875.833313 

2 219 273 
3887.871826 516.160034 2202.015869 2658.710938 364.207031 1511.458984 6600.000000 6100.000000 6350.000000 

7 240 286 300 348 349 350 355 
92.375999 18.812000 48.688572 80.171875 11.425781 39.858818 -1.000000 -1.000000 -1.000000 

13 195 204 206 212 214 251 261 269 277 305 337 361 366 
916.165344 61.000000 262.395264 210.378906 23.437500 71.350357 -1.000000 -1.000000 -1.000000 

0 
-1.000000 -1.000000 -1.000000 -1.000000 -1.000000 -1.000000 -1.000000 -1.000000 -1.000000 

5 208 210 258 309 331 
76.093338 2.532000 23.348000 46.718750 3.515625 17.090626 4050.000000 0.000000 2010.000000 

2 274 325 
36.805336 17.288000 27.046669 36.687500 17.878906 27.283203 700.000000 360.000000 530.000000 

4 189 254 326 346 
822.081360 168.532013 351.832672 707.980469 225.316406 404.590820 -1.000000 -1.000000 -1.000000 

1 263 
487.079987 487.079987 487.079987 297.738281 297.738281 297.738281 -1.000000 -1.000000 -1.000000 

9 187 191 200 217 260 265 330 342 351 
1091.673340 8.656000 306.990814 618.710938 8.179688 196.190979 3100.000000 0.000000 749.444458 

6 243 284 285 297 352 353 
238.061325 5.785333 73.337990 135.871094 7.320313 57.701172 0.004000 0.000900 0.002400 

4 256 281 296 354 
68.701332 1.300000 33.452999 174.308594 10.476563 79.335938 -1.000000 -1.000000 -1.000000 

1 226 
253.333328 253.333328 253.333328 292.968750 292.968750 292.968750 -1.000000 -1.000000 -1.000000 

30 192 194 202 205 221 227 262 264 266 270 275 276 278 282 293 298 304 308 310 311 318 320 334 336 339 341 368 371 379 384 
3687.585205 4.501333 270.980316 1261.898438 4.996094 126.813408 900.000000 220.000000 541.000000 

12 186 207 229 232 272 316 319 321 323 343 357 358 
1036.083984 7.000000 112.614235 446.207031 8.097656 81.187828 1280.000000 220.000000 671.416687 

5 201 287 329 340 375 
76.281334 22.442667 47.430134 76.511719 13.980469 33.996876 800.000000 275.000000 489.000000 

5 209 216 228 241 315 
569.654663 39.249336 199.968002 236.875000 26.015625 94.069534 1120.000000 320.000000 750.000000 

3 324 333 335 
456.953308 73.102669 212.660889 214.871094 38.003906 107.115883 920.000000 500.000000 673.333313 

5 126 190 363 365 385 
829.279968 18.858667 344.261627 494.226563 12.710938 214.174225 -1.000000 -1.000000 -1.000000 

3 218 299 386 
3794.928223 371.137329 1947.725708 1208.062500 86.429688 604.942688 -1.000000 -1.000000 -1.000000 

0 
-1.000000 -1.000000 -1.000000 -1.000000 -1.000000 -1.000000 -1.000000 -1.000000 -1.000000 

2 248 332 
30.869333 2.876000 16.872667 86.902344 4.312500 45.607422 -1.000000 -1.000000 -1.000000 

2 215 252 
27.332001 4.425333 15.878667 51.812500 8.421875 30.117188 -1.000000 -1.000000 -1.000000 

1 322 
9.018667 9.018667 9.018667 15.933594 15.933594 15.933594 -1.000000 -1.000000 -1.000000 

1 306 
10.722667 10.722667 10.722667 7.332031 7.332031 7.332031 -1.000000 -1.000000 -1.000000 

2 242 327 
16.505333 12.342667 14.424000 27.441406 25.015625 26.228516 -1.000000 -1.000000 -1.000000 

2 222 280 
273.894684 257.519989 265.707336 376.757813 333.089844 354.923828 -1.000000 -1.000000 -1.000000 

16 196 197 198 199 220 223 224 226 230 231 233 234 246 294 295 301 
253.333328 7.322667 47.266502 292.968750 13.871094 55.622803 300.000000 40.000000 147.812500 

16.500000 94.500000 26.333334 49.340008 

114.900002 396.600006 94.233337 273.324982 

44.400002 100.199997 18.933332 70.319992 

79.199997 96.599998 6.133334 85.139999 

77.699997 91.199997 4.833333 83.299995 

0.000000 0.000000 0.333333 0.000000 

