MOD_LEARN_0_75 
0.000000 20.000000 0.000000 0.000000 0.000000 
96.784599 20.000000 3.215399 0.000000 0.000000 
0.000000 20.000000 0.000000 0.000000 0.000000 
74.924431 20.000000 3.378484 12.053933 9.643147 
0.000000 20.000000 27.259823 44.245468 28.494701 
0.000000 20.000000 0.000000 0.000000 0.000000 
4.424085 20.000000 95.575912 0.000000 0.000000 
0.000000 20.000000 0.000000 0.000000 0.000000 
60.946987 20.000000 13.848584 13.848584 11.355839 
0.000000 20.000000 12.523486 37.975765 49.500751 
1 1 0.000000 1087.053345 50.117332 431.000000 5263.000000 12 0 1 2750.000000 2.529775 -1.000000 -1.000000 -1.000000 -1.000000 10 
2 1 32000.000000 258.098694 27.445333 220.000000 4084.000000 9 0 3 6.267413 6.267413 6.267413 6.267413 6.267413 6.267413 8 10 7 
3 1 0.000000 185.136002 27.445333 220.000000 4084.000000 12 0 3 1250.000000 6.751793 -1.000000 -1.000000 -1.000000 -1.000000 8 10 7 
4 1 875.000000 55.321331 364.036011 3411.000000 17202.000000 16 0 1 2.473024 7.466023 5.268434 5.268434 5.268434 4.307555 13 
5 1 0.000000 420.677338 16.260000 105.000000 4320.000000 4 10 3 4.237396 118.420944 -1.000000 -1.000000 0.000000 -1.000000 7 33 116 91 83 29 52 177 254 49 36 47 7 
6 1 840.000000 158.543991 445.827972 4290.000000 12621.000000 19 0 1 5.776959 5.792572 5.776959 1.342355 1.551558 5.330420 25 
7 1 0.000000 34.127998 420.677338 3757.000000 33733.000000 31 31 1 -1.000000 -1.000000 -1.000000 -1.000000 -1.000000 -1.000000 77 41 115 3 80 108 107 100 159 160 21 168 74 24 153 131 78 2 14 112 19 69 358 55 15 139 34 170 51 20 5 5 
8 1 0.000000 34.445335 364.036011 3411.000000 17202.000000 30 31 1 -1.000000 -1.000000 -1.000000 -1.000000 -1.000000 -1.000000 77 41 137 3 80 108 107 100 159 160 21 168 74 24 153 131 78 2 14 112 19 69 358 55 15 139 34 170 51 90 13 13 
9 1 0.000000 79.590668 445.827972 4290.000000 12621.000000 33 13 1 -1.000000 -1.000000 -1.000000 -1.000000 -1.000000 -1.000000 162 164 165 159 160 60 115 152 25 176 23 64 26 25 
10 1 0.000000 50.117332 359.600006 3372.000000 16800.000000 30 31 1 -1.000000 -1.000000 -1.000000 -1.000000 -1.000000 -1.000000 77 41 1 3 80 108 107 100 159 160 21 168 74 24 153 131 78 2 14 112 19 69 358 55 15 139 34 170 51 169 28 28 
11 1 0.000000 40.182667 12.228000 102.000000 1521.000000 12 0 5 75.000000 1.866476 -1.000000 -1.000000 -1.000000 -1.000000 40 48 36 32 38 
12 1 700.000000 27.349335 100.776001 955.000000 3957.000000 18 0 2 0.013959 4.895977 2.173680 5.130630 5.130630 1.344959 85 66 
13 1 0.000000 364.036011 12.228000 102.000000 1521.000000 4 18 2 7.011157 131.934921 -0.999500 -1.000000 0.000000 -1.000000 8 58 123 59 17 174 97 146 67 142 62 145 4 167 50 130 22 147 40 8 
14 1 1320.000000 256.627991 27.370667 220.000000 4028.000000 1 0 4 7.422164 1.878050 6.260168 6.260168 6.260168 6.260168 8 10 183 7 
15 1 72000.000000 222.951996 27.445333 220.000000 4084.000000 9 0 3 6.094264 6.094264 6.094264 6.094264 6.094264 6.094264 8 10 7 
16 1 0.000000 18.674667 12.228000 102.000000 1521.000000 13 0 5 0.000900 -1.000000 -1.000000 -1.000000 -1.000000 -1.000000 40 48 36 32 38 
17 1 600.000000 27.790668 26.266666 213.000000 3725.000000 18 0 1 3.255760 1.693327 6.387486 5.132805 5.132805 0.572883 13 
18 1 320.000000 30.158667 100.776001 955.000000 3957.000000 18 0 2 3.645400 0.376337 9.647275 5.144471 5.144471 2.522940 85 66 
19 1 1400.000000 381.917328 27.445333 220.000000 4084.000000 1 0 3 16.721056 2.063221 6.877403 6.877403 6.877403 6.905180 8 10 7 
20 1 0.000000 86.826668 12.228000 102.000000 1521.000000 4 6 8 1.451382 51.694225 -1.000000 -1.000000 0.000000 -1.000000 36 113 68 155 27 89 48 47 38 32 7 36 40 43 
21 1 2950.000000 76.273331 27.370667 220.000000 4028.000000 7 0 4 5.371654 5.371654 5.371654 5.371654 5.371654 5.371654 8 10 183 7 
22 1 800.000000 9.068000 364.036011 3411.000000 17202.000000 28 0 1 5.040568 5.040568 5.040568 5.040568 5.040568 5.040568 13 
23 1 860.000000 19.591999 32.490669 224.000000 7568.000000 0 0 2 5.092414 5.092414 5.092414 5.092414 5.092414 5.092414 9 47 
24 1 0.000000 95.720001 27.445333 220.000000 4084.000000 6 0 3 -1.000000 -1.000000 -1.000000 -1.000000 -1.000000 -1.000000 8 10 7 
25 1 0.000000 445.827972 25.240000 224.000000 2130.000000 5 12 3 12.649788 110.195717 -1.000000 -1.000000 0.000000 -1.000000 9 105 122 151 365 6 45 31 109 175 37 140 46 9 47 
26 1 915.000000 260.689331 32.490669 224.000000 7568.000000 1 0 2 6.280176 1.884053 6.280176 6.280176 6.280176 6.280176 9 47 
27 1 0.000000 8.052000 86.826668 850.000000 1370.000000 0 0 1 -1.000000 -1.000000 -1.000000 -1.000000 -1.000000 -1.000000 20 
28 1 0.000000 359.600006 15.202667 128.000000 1802.000000 4 11 2 8.260760 123.734627 -1.000000 -1.000000 0.000000 -1.000000 10 183 44 92 35 148 96 98 95 173 133 48 10 
29 1 0.000000 27.249334 420.677338 3757.000000 33733.000000 25 0 1 -1.000000 -1.000000 -1.000000 -1.000000 -1.000000 -1.000000 5 
30 1 800.000000 1864.542603 860.786743 7396.000000 90890.000000 16 0 1 14.181530 4.254459 14.181530 14.181530 14.181530 14.181530 137 
31 1 1040.000000 545.741333 445.827972 4290.000000 12621.000000 19 0 1 7.684480 2.305344 7.240834 9.439582 7.131937 8.861764 25 
32 1 0.000000 17.222668 23.770666 213.000000 1853.000000 30 41 2 -1.000000 -1.000000 -1.000000 -1.000000 -1.000000 -1.000000 143 11 172 79 110 56 99 16 94 66 90 169 20 152 85 111 57 119 54 42 93 364 84 81 124 360 39 53 86 156 163 73 166 161 176 144 63 75 65 76 157 176 169 
33 1 380.000000 37.104000 420.677338 3757.000000 33733.000000 17 0 1 3.574068 0.835330 3.695321 1.553606 1.553606 2.802812 5 
34 1 6200.000000 499.306641 27.445333 220.000000 4084.000000 2 0 3 5.993066 6200.000000 7.455720 7.455720 7.455720 7.962981 8 10 7 
35 1 570.000000 103.857338 359.600006 3372.000000 16800.000000 16 0 1 13.502470 1.652264 8.192107 5.507546 5.507546 15.893459 28 
36 1 0.000000 16.260000 86.826668 850.000000 1370.000000 31 29 1 -1.000000 -1.000000 -1.000000 -1.000000 -1.000000 -1.000000 143 11 172 79 110 56 99 16 94 5 90 169 20 152 85 111 57 119 54 42 93 364 84 81 124 360 39 53 86 20 
37 1 72000.000000 252.209320 445.827972 4290.000000 12621.000000 29 0 1 6.238400 6.238400 6.238400 6.238400 6.238400 6.238400 25 
38 1 0.000000 16.964001 100.776001 955.000000 3957.000000 33 41 2 -1.000000 -1.000000 -1.000000 -1.000000 -1.000000 -1.000000 143 11 172 79 110 56 99 16 94 66 90 169 20 152 85 111 57 119 54 42 93 364 84 81 124 360 39 53 86 156 163 73 166 161 176 144 63 75 65 76 157 66 85 
39 1 1200.000000 81.059998 12.228000 102.000000 1521.000000 1 0 5 5.395235 2.615619 4.709516 5.395235 5.395235 5.395235 38 32 36 48 40 
40 1 0.000000 12.228000 72.006668 705.000000 1130.000000 30 29 1 -1.000000 -1.000000 -1.000000 -1.000000 -1.000000 -1.000000 143 11 172 79 110 56 99 16 94 13 90 169 20 152 85 111 57 119 54 42 93 364 84 81 124 360 39 53 86 90 
41 1 0.000000 521.761353 27.445333 220.000000 4084.000000 12 0 3 800.000000 1.533268 -1.000000 -1.000000 -1.000000 -1.000000 8 10 7 
42 1 440.000000 33.561333 12.228000 102.000000 1521.000000 0 0 0 5.161234 5.161234 5.161234 5.161234 5.161234 5.161234 
43 1 300.000000 253.333328 0.000000 0.000000 0.000000 15 25 0 6.243937 6.243937 6.243937 6.243937 6.243937 -1.000000 143 156 172 110 56 166 161 99 163 94 73 90 169 20 152 57 119 144 54 63 93 157 124 76 53 
44 1 530.000000 95.049332 26.266666 213.000000 3725.000000 16 0 2 9.897601 1.378364 5.464153 5.464153 5.464153 7.238565 28 176 
45 1 740.000000 133.377335 445.827972 4290.000000 12621.000000 19 0 1 5.652976 1.578951 10.766929 9.994515 4.423770 7.489630 25 
46 1 0.000000 28.340000 22.333332 213.000000 775.000000 33 17 1 -1.000000 -1.000000 -1.000000 -1.000000 -1.000000 -1.000000 156 163 73 57 166 161 152 25 66 176 144 75 63 53 76 65 157 152 
47 1 0.000000 33.162666 243.884003 2223.000000 16188.000000 31 13 1 -1.000000 -1.000000 -1.000000 -1.000000 -1.000000 -1.000000 162 164 165 60 115 20 5 152 25 23 64 26 103 115 
48 1 0.000000 15.202667 26.070667 236.000000 1853.000000 30 29 1 -1.000000 -1.000000 -1.000000 -1.000000 -1.000000 -1.000000 143 11 172 79 110 56 99 16 94 28 90 169 20 152 85 111 57 119 54 42 93 364 84 81 124 360 39 53 86 169 
49 1 500.000000 459.228027 420.677338 3757.000000 33733.000000 17 0 1 2.611534 2.177482 2.177482 2.177482 2.177482 2.769504 5 
50 1 300.000000 87.514664 364.036011 3411.000000 17202.000000 30 11 1 5.427034 5.427034 5.427034 5.427034 5.427034 -1.000000 143 156 172 110 56 166 161 99 163 94 73 13 
51 1 0.000000 34.333336 27.445333 220.000000 4084.000000 0 0 3 -1.000000 -1.000000 -1.000000 -1.000000 -1.000000 -1.000000 8 10 7 
52 1 520.000000 38.133335 420.677338 3757.000000 33733.000000 17 0 1 1.362300 1.555127 1.555127 1.555127 1.555127 1.456410 5 
53 1 580.000000 33.210667 12.228000 102.000000 1521.000000 1 0 8 1.846535 1.547852 5.159506 4.737950 5.159506 5.159506 183 38 32 46 36 48 40 43 
54 1 0.000000 1.200000 6.674666 53.000000 1031.000000 0 0 7 -1.000000 -1.000000 -1.000000 -1.000000 -1.000000 -1.000000 38 32 36 48 106 40 43 
55 1 6000.000000 186.322662 27.445333 220.000000 4084.000000 9 0 3 5.913810 5.913810 5.913810 5.913810 5.913810 5.913810 8 10 7 
56 1 0.000000 18.022667 12.228000 102.000000 1521.000000 3 0 7 -1.000000 -1.000000 -1.000000 -1.000000 -1.000000 -1.000000 43 40 50 48 36 32 38 
57 1 0.000000 4.066667 6.674666 53.000000 1031.000000 0 0 10 -1.000000 -1.000000 -1.000000 -1.000000 -1.000000 -1.000000 183 46 38 32 105 36 48 106 40 43 
58 1 0.000000 23.824001 364.036011 3411.000000 17202.000000 30 4 1 -1.000000 -1.000000 -1.000000 -1.000000 -1.000000 -1.000000 143 172 99 94 13 
59 1 220.000000 21.461334 364.036011 3411.000000 17202.000000 24 0 1 5.101624 5.101624 5.101624 5.101624 5.101624 5.101624 13 
60 1 0.000000 338.882660 32.490669 224.000000 7568.000000 0 0 2 -1.000000 -1.000000 -1.000000 -1.000000 -1.000000 -1.000000 47 9 
61 1 180.000000 3.793334 76.770668 743.000000 1853.000000 24 0 1 5.014582 5.014582 5.014582 5.014582 5.014582 5.014582 169 
62 1 660.000000 246.419998 364.036011 3411.000000 17202.000000 16 0 1 14.022851 1.799912 10.756297 6.209878 6.209878 7.389104 13 
63 1 0.000000 2.800000 16.439999 136.000000 2130.000000 0 0 4 -1.000000 -1.000000 -1.000000 -1.000000 -1.000000 -1.000000 38 32 46 43 
64 1 775.000000 109.741333 32.490669 224.000000 7568.000000 1 0 2 5.536533 2.329804 5.536533 5.536533 5.536533 5.536533 9 47 
65 1 750.000000 60.128002 16.439999 136.000000 2130.000000 1 0 4 5.292114 1.588709 5.292114 5.660375 5.292114 5.292114 38 32 105 46 
66 1 0.000000 109.695999 16.439999 136.000000 2130.000000 5 6 4 9.335001 136.960617 -1.000000 -1.000000 0.000000 -1.000000 38 136 18 12 101 154 32 38 105 46 
67 1 580.000000 34.431999 28.970667 236.000000 4028.000000 16 0 1 2.817088 0.915652 4.064128 5.165523 5.165523 8.363111 13 
68 1 530.000000 7.916000 86.826668 850.000000 1370.000000 17 0 1 0.035403 2.658000 0.032204 1.510468 1.510468 0.033080 20 
69 1 775.000000 100.133331 27.370667 220.000000 4028.000000 1 0 4 5.489200 3.670335 5.293589 5.489200 5.489200 5.489200 8 10 183 7 
70 1 180.000000 12.118667 76.770668 743.000000 1853.000000 16 0 1 0.299207 0.001000 3.424583 5.055597 5.055597 0.394762 169 
71 1 140.000000 1.829333 72.006668 705.000000 1130.000000 24 0 1 5.004907 5.004907 5.004907 5.004907 5.004907 5.004907 90 
72 1 0.000000 4.500000 26.266666 213.000000 3725.000000 0 0 1 -1.000000 -1.000000 -1.000000 -1.000000 -1.000000 -1.000000 105 
73 1 0.000000 11.406667 16.439999 136.000000 2130.000000 14 0 5 0.010989 -1.000000 -1.000000 -1.000000 -1.000000 -1.000000 43 50 46 38 32 
74 1 0.000000 3.600000 27.370667 220.000000 4028.000000 0 0 4 -1.000000 -1.000000 -1.000000 -1.000000 -1.000000 -1.000000 8 10 183 7 
75 1 1375.000000 14.013333 16.439999 136.000000 2130.000000 7 0 4 5.064931 5.064931 5.064931 5.064931 5.064931 5.064931 38 32 105 46 
76 1 765.000000 8.416000 16.439999 136.000000 2130.000000 1 0 5 5.037356 1.479526 5.037356 1.462555 5.037356 5.037356 38 32 105 46 43 
77 1 0.000000 438.861328 27.445333 220.000000 4084.000000 12 0 3 750.000000 1.708968 -1.000000 -1.000000 -1.000000 -0.949500 8 10 7 
78 1 350.000000 463.761322 27.445333 220.000000 4084.000000 1 0 3 7.034679 1.684182 7.280606 7.280606 7.280606 7.280606 8 10 7 
79 1 0.000000 68.757339 12.228000 102.000000 1521.000000 12 0 5 350.000000 5.090366 -1.000000 -1.000000 -1.000000 -1.000000 40 48 36 32 38 
80 1 0.000000 138.106659 27.445333 220.000000 4084.000000 12 0 3 750.000000 5.430585 -1.000000 -1.000000 -1.000000 -1.000000 8 10 7 
81 1 1220.000000 180.082672 12.228000 102.000000 1521.000000 1 0 5 7.570143 1.764921 6.070848 5.883069 5.883069 5.983069 38 32 36 48 40 
82 1 380.000000 13.741333 72.006668 705.000000 1130.000000 16 0 1 3.962880 0.001000 7.236205 5.063591 5.063591 1.950958 90 
83 1 562.000000 17.524000 420.677338 3757.000000 33733.000000 17 0 1 0.704588 11.988844 2.030256 1.524668 1.524668 1.459591 5 
84 1 620.000000 47.264000 12.228000 102.000000 1521.000000 1 0 5 10.063205 1.495481 8.555154 5.228740 5.228740 5.411298 38 32 36 48 40 
85 1 0.000000 100.776001 12.228000 102.000000 1521.000000 4 6 5 9.335001 136.960617 -0.999500 -1.000000 0.000000 -1.000000 38 136 18 12 101 154 38 32 36 48 40 
86 1 500.000000 33.193336 12.228000 102.000000 1521.000000 8 0 5 40.000000 5.159421 5.159421 5.159421 5.159421 5.159421 38 32 36 48 40 
87 1 440.000000 25.748001 76.770668 743.000000 1853.000000 16 0 1 2.488901 0.001000 5.752717 5.122742 5.122742 5.003449 169 
88 1 800.000000 12.962667 25.106667 236.000000 1130.000000 16 0 1 0.300389 6.621305 1.834854 5.059755 5.059755 0.002099 90 
89 1 350.000000 18.134666 86.826668 850.000000 1370.000000 17 0 1 0.001000 0.099970 0.745976 1.525570 1.525570 0.258871 20 
90 1 0.000000 72.006668 12.228000 102.000000 1521.000000 4 7 7 4.651343 63.662987 -1.000000 -1.000000 0.000000 -1.000000 40 118 125 82 88 171 71 43 8 40 48 38 32 36 
91 1 500.000000 39.397331 420.677338 3757.000000 33733.000000 17 0 1 1.556996 1.556996 1.556996 1.556996 1.556996 1.235968 5 
92 1 600.000000 38.302666 359.600006 3372.000000 16800.000000 16 0 1 2.272011 1.303638 5.202071 5.184592 5.184592 2.464997 28 
93 1 430.000000 8.949333 12.228000 102.000000 1521.000000 1 0 6 4.895453 0.297157 9.761942 5.039983 5.039983 7.316408 38 32 36 48 40 43 
94 1 0.000000 8.982667 12.228000 102.000000 1521.000000 14 0 8 0.009901 -1.000000 -1.000000 -1.000000 -1.000000 -0.972222 43 40 58 50 48 36 32 38 
95 1 870.000000 129.535995 359.600006 3372.000000 16800.000000 16 0 1 16.662996 0.089718 5.789663 5.634051 5.634051 21.860352 28 
96 1 950.000000 35.520000 359.600006 3372.000000 16800.000000 21 0 1 5.170883 1.551265 5.170883 5.170883 5.170883 5.170883 28 
97 1 365.000000 81.740005 364.036011 3411.000000 17202.000000 16 0 1 11.988405 1.961086 9.846542 5.398585 5.398585 12.331420 13 
98 1 1215.000000 94.394669 359.600006 3372.000000 16800.000000 21 0 1 5.460928 1.638278 5.460928 5.460928 5.460928 5.460928 28 
99 1 0.000000 5.694667 12.228000 102.000000 1521.000000 13 0 9 0.001000 -1.000000 -1.000000 -1.000000 -1.000000 -1.000000 43 40 58 50 48 183 36 32 38 
100 1 0.000000 42.394665 27.445333 220.000000 4084.000000 3 0 3 -1.000000 -1.000000 -1.000000 -1.000000 -1.000000 -1.000000 8 10 7 
101 1 660.000000 20.062666 100.776001 955.000000 3957.000000 18 0 2 3.686876 0.862696 2.596261 5.094733 5.094733 6.962883 85 66 
102 1 0.000000 0.833333 6.674666 53.000000 1031.000000 0 0 1 -1.000000 -1.000000 -1.000000 -1.000000 -1.000000 -1.000000 106 
103 1 0.000000 2.833333 27.770666 224.000000 4028.000000 0 0 2 -1.000000 -1.000000 -1.000000 -1.000000 -1.000000 -1.000000 183 47 
104 1 0.000000 3.666667 6.674666 53.000000 1031.000000 0 0 1 -1.000000 -1.000000 -1.000000 -1.000000 -1.000000 -1.000000 106 
105 1 0.000000 26.266666 445.827972 4290.000000 12621.000000 33 20 1 -1.000000 -1.000000 -1.000000 -1.000000 -1.000000 -1.000000 156 163 152 176 66 57 75 144 72 65 157 76 46 117 352 126 150 32 44 17 25 
106 1 0.000000 6.674666 76.770668 743.000000 1853.000000 30 4 1 -1.000000 -1.000000 -1.000000 -1.000000 -1.000000 -1.000000 102 104 54 57 169 
107 1 0.000000 61.599998 27.445333 220.000000 4084.000000 14 0 3 0.512487 -1.000000 -1.000000 -1.000000 -1.000000 -0.999000 8 10 7 
108 1 0.000000 67.818665 27.445333 220.000000 4084.000000 13 0 3 0.004000 -1.000000 -1.000000 -1.000000 -1.000000 -1.000000 8 10 7 
109 1 1550.000000 277.872009 445.827972 4290.000000 12621.000000 22 0 1 6.364826 1.909448 6.364826 6.364826 6.364826 6.364826 25 
110 1 0.000000 31.213333 12.228000 102.000000 1521.000000 3 0 7 -0.999000 -1.000000 -1.000000 -1.000000 -1.000000 -1.000000 43 40 50 48 36 32 38 
111 1 0.000000 23.728001 12.228000 102.000000 1521.000000 0 0 6 -1.000000 -1.000000 -1.000000 -1.000000 -1.000000 -1.000000 183 38 32 36 48 40 
112 1 730.000000 62.596001 27.370667 220.000000 4028.000000 1 0 4 6.452632 1.591282 6.296584 5.304273 5.304273 5.304273 8 10 183 7 
113 1 0.000000 4.966666 86.826668 850.000000 1370.000000 25 0 1 -1.000000 -1.000000 -1.000000 -1.000000 -1.000000 -1.000000 20 
114 1 305.000000 21.261333 76.770668 743.000000 1853.000000 16 0 2 1.720533 1.530191 3.787389 5.100638 5.100638 2.825432 176 169 
115 1 0.000000 243.884003 32.090668 220.000000 7568.000000 5 6 3 3.099386 103.005623 -1.000000 -1.000000 0.000000 -1.000000 47 134 135 132 127 129 7 47 9 
116 1 1280.000000 37.065331 420.677338 3757.000000 33733.000000 17 0 1 1.414105 1.208831 1.553549 1.553549 1.553549 1.881507 5 
117 1 760.000000 11.313334 22.333332 213.000000 775.000000 27 0 1 5.051630 5.051630 5.051630 5.051630 5.051630 5.051630 152 
118 1 180.000000 5.696000 25.106667 236.000000 1130.000000 16 0 1 0.052132 0.001000 1.625116 5.023956 5.023956 0.587610 90 
119 1 1375.000000 11.900000 12.228000 102.000000 1521.000000 7 0 6 5.054520 5.054520 5.054520 5.054520 5.054520 5.054520 38 32 36 48 40 43 
120 2 1450.000000 623.156006 914.853333 7848.000000 97540.000000 21 0 1 8.065862 2.419758 8.065862 8.065862 8.065862 8.065862 248 
121 1 475.000000 498.337311 860.786743 7396.000000 90890.000000 16 0 1 11.136724 2.612064 7.450944 7.450944 7.450944 11.099289 137 
122 1 0.000000 68.214668 445.827972 4290.000000 12621.000000 0 0 1 -1.000000 -1.000000 -1.000000 -1.000000 -1.000000 -1.000000 25 
123 1 0.000000 53.958668 364.036011 3411.000000 17202.000000 0 0 1 -1.000000 -1.000000 -1.000000 -1.000000 -1.000000 -1.000000 13 
124 1 765.000000 9.024000 12.228000 102.000000 1521.000000 1 0 6 0.001000 5.341541 4.408536 5.040351 5.040351 5.040351 38 32 36 48 40 43 
125 1 475.000000 10.958667 72.006668 705.000000 1130.000000 16 0 1 0.655230 0.022233 5.240256 5.049882 5.049882 1.594820 90 
126 1 650.000000 91.849335 22.333332 213.000000 775.000000 19 0 1 5.448389 1.832520 8.948358 6.879312 3.524677 9.379081 152 
127 1 420.000000 33.765331 243.884003 2223.000000 16188.000000 17 0 1 1.548672 1.548672 1.548672 1.548672 1.548672 1.548672 115 
128 1 600.000000 22.936001 76.770668 743.000000 1853.000000 16 0 1 1.519348 2.766855 5.082128 5.108889 5.108889 3.058198 169 
129 1 1280.000000 31.558666 243.884003 2223.000000 16188.000000 17 0 1 1.545410 1.545410 1.545410 1.201294 1.545410 2.642464 115 
130 1 72000.000000 261.033356 364.036011 3411.000000 17202.000000 29 0 1 6.281871 6.281871 6.281871 6.281871 6.281871 6.281871 13 
131 1 960.000000 194.837326 27.445333 220.000000 4084.000000 0 0 3 5.955757 5.955757 5.955757 5.955757 5.955757 5.955757 8 10 7 
132 1 510.000000 43.125332 243.884003 2223.000000 16188.000000 17 0 1 1.562505 1.562505 1.562505 1.562505 1.562505 1.562505 115 
133 1 0.000000 21.088001 359.600006 3372.000000 16800.000000 0 0 1 -1.000000 -1.000000 -1.000000 -1.000000 -1.000000 -1.000000 28 
134 1 0.000000 24.065334 243.884003 2223.000000 16188.000000 0 0 1 -1.000000 -1.000000 -1.000000 -1.000000 -1.000000 -1.000000 115 
135 1 550.000000 12.898666 243.884003 2223.000000 16188.000000 17 0 1 1.517832 1.734685 1.543768 0.260377 1.517832 1.895774 115 
136 1 230.000000 9.158667 100.776001 955.000000 3957.000000 26 0 2 5.041015 5.041015 5.041015 5.041015 5.041015 5.041015 85 66 
137 1 0.000000 860.786743 34.445335 290.000000 4084.000000 4 4 1 19.607124 645.502441 -1.000000 -1.000000 0.000000 -1.000000 30 121 357 138 8 
138 1 1425.000000 433.642670 860.786743 7396.000000 90890.000000 21 0 1 7.132227 2.139668 7.132227 7.132227 7.132227 7.132227 137 
139 1 72000.000000 874.857300 27.445333 220.000000 4084.000000 9 0 3 9.305863 9.305863 9.305863 9.305863 9.305863 9.305863 8 10 7 
140 1 800.000000 15.670667 445.827972 4290.000000 12621.000000 28 0 1 5.073096 5.073096 5.073096 5.073096 5.073096 5.073096 25 
141 2 0.000000 42.521332 416.685364 3724.000000 33214.000000 0 0 1 -1.000000 -1.000000 -1.000000 -1.000000 -1.000000 -1.000000 185 
142 1 950.000000 73.136002 364.036011 3411.000000 17202.000000 16 0 1 5.114484 0.602484 5.356198 5.356198 5.356198 8.598692 13 
143 1 0.000000 12.380000 12.228000 102.000000 1521.000000 12 0 9 20.000000 1.615509 -1.000000 -1.000000 -1.000000 -1.000000 43 40 58 50 48 183 36 32 38 
144 1 515.000000 2.537333 16.439999 136.000000 2130.000000 7 0 5 5.008395 5.008395 5.008395 5.008395 5.008395 5.008395 38 32 105 46 43 
145 1 220.000000 20.826666 364.036011 3411.000000 17202.000000 16 0 1 0.066449 0.815463 5.098497 5.098497 5.098497 1.865735 13 
146 1 550.000000 43.099998 364.036011 3411.000000 17202.000000 16 0 1 2.808236 0.625664 5.020848 5.208226 5.208226 6.717357 13 
147 1 0.000000 23.758667 92.858665 860.000000 5144.000000 24 0 2 -1.000000 -1.000000 -1.000000 -1.000000 -1.000000 -1.000000 13 176 
148 1 220.000000 25.840000 359.600006 3372.000000 16800.000000 16 0 1 1.622344 1.536958 5.123195 5.123195 5.123195 5.311540 28 
149 1 350.000000 25.728001 26.070667 236.000000 1853.000000 16 0 1 1.075612 0.001000 4.869741 5.122643 5.122643 4.121769 169 
150 1 500.000000 70.065331 22.333332 213.000000 775.000000 20 0 2 5.341070 1.602321 5.341070 5.408176 5.341070 5.341070 176 152 
151 1 600.000000 117.441330 445.827972 4290.000000 12621.000000 20 0 1 5.574467 1.672340 5.803478 7.788826 5.574467 5.624467 25 
152 1 0.000000 62.533333 12.228000 102.000000 1521.000000 5 6 10 5.821776 37.381046 -1.000000 -0.999500 0.000000 -1.000000 46 150 117 352 126 158 47 46 9 38 32 105 36 48 40 43 
153 1 0.000000 338.881317 27.445333 220.000000 4084.000000 0 0 3 -1.000000 -1.000000 -1.000000 -1.000000 -1.000000 -1.000000 8 10 7 
154 1 400.000000 77.084000 100.776001 955.000000 3957.000000 18 0 2 1.294465 1.612694 4.597992 5.375648 5.375648 2.943449 85 66 
155 1 1280.000000 18.994667 86.826668 850.000000 1370.000000 17 0 1 0.001000 0.001000 0.675644 1.526841 1.526841 3.368639 20 
156 1 0.000000 9.224000 16.439999 136.000000 2130.000000 12 0 6 10.000000 1.084128 -1.000000 -1.000000 -1.000000 -1.000000 43 50 46 38 32 105 
157 1 550.000000 33.743999 16.439999 136.000000 2130.000000 1 0 5 5.162134 1.548640 5.162134 5.285802 5.162134 5.162134 38 32 105 46 43 
158 1 0.000000 98.085335 62.533333 615.000000 775.000000 0 0 1 -1.000000 -1.000000 -1.000000 -1.000000 -1.000000 -1.000000 152 
159 1 0.000000 90.758667 27.445333 220.000000 4084.000000 3 0 4 -1.000000 -1.000000 -1.000000 -1.000000 -1.000000 -1.000000 8 10 9 7 
160 1 0.000000 84.490669 27.445333 220.000000 4084.000000 3 0 4 -1.000000 -1.000000 -1.000000 -1.000000 -1.000000 -1.000000 8 10 9 7 
161 1 0.000000 31.660000 16.439999 136.000000 2130.000000 3 0 5 -1.000000 -1.000000 -1.000000 -1.000000 -1.000000 -1.000000 43 50 46 38 32 
162 1 0.000000 524.705322 32.490669 224.000000 7568.000000 12 0 2 800.000000 1.524665 -1.000000 -1.000000 -1.000000 -1.000000 47 9 
163 1 0.000000 6.398667 16.439999 136.000000 2130.000000 13 0 6 0.001000 -1.000000 -1.000000 -1.000000 -1.000000 -0.950000 43 50 46 38 32 105 
164 1 0.000000 72.318665 32.490669 224.000000 7568.000000 13 0 2 0.004000 -1.000000 -1.000000 -1.000000 -1.000000 -1.000000 47 9 
165 1 0.000000 70.102669 32.490669 224.000000 7568.000000 14 0 2 0.014271 -1.000000 -1.000000 -1.000000 -1.000000 -1.000000 47 9 
166 1 0.000000 37.673332 16.439999 136.000000 2130.000000 3 0 5 -1.000000 -1.000000 -1.000000 -1.000000 -1.000000 -1.000000 43 50 46 38 32 
167 1 0.000000 13.397333 364.036011 3411.000000 17202.000000 0 0 1 -1.000000 -1.000000 -1.000000 -1.000000 -1.000000 -1.000000 13 
168 1 760.000000 14.233333 27.370667 220.000000 4028.000000 8 0 4 125.000000 5.066015 5.066015 5.066015 5.066015 5.066015 8 10 183 7 
169 1 0.000000 76.770668 12.228000 102.000000 1521.000000 4 10 8 5.451611 61.274406 -1.000000 -1.000000 0.000000 -1.000000 48 32 106 61 70 114 149 366 87 128 40 10 183 48 38 32 36 43 
170 1 5750.000000 4060.525391 27.445333 220.000000 4084.000000 2 0 3 41.605255 5750.000000 25.000000 25.000000 25.000000 25.000000 8 10 7 
171 1 330.000000 32.725334 72.006668 705.000000 1130.000000 16 0 1 1.317917 0.515121 6.149971 5.157115 5.157115 5.269116 90 
172 1 0.000000 3.716000 12.228000 102.000000 1521.000000 0 0 8 -1.000000 -1.000000 -1.000000 -1.000000 -1.000000 -1.000000 43 40 58 50 48 36 32 38 
173 1 800.000000 53.846668 359.600006 3372.000000 16800.000000 16 0 1 0.954874 6.615025 4.761169 5.261169 5.261169 5.135864 28 
174 1 280.000000 40.457333 28.970667 236.000000 4028.000000 16 0 1 3.616412 0.574909 6.426117 5.195207 5.195207 5.890994 13 
175 1 1450.000000 3530.074707 445.827972 4290.000000 12621.000000 22 0 1 22.386744 6.716023 22.386744 22.386744 22.386744 22.386744 25 
176 1 0.000000 92.858665 16.439999 136.000000 2130.000000 5 5 5 6.598794 95.141655 -1.000000 -1.000000 0.000000 -1.000000 32 114 44 147 150 9 38 32 105 46 
177 1 420.000000 146.286667 420.677338 3757.000000 33733.000000 17 0 1 5.294994 1.093858 2.945911 1.702592 1.714972 4.082317 5 
178 2 220.000000 7.750667 84.786667 830.000000 1340.000000 17 0 1 0.001000 0.093388 0.153071 1.510223 1.510223 0.136133 195 
179 2 0.000000 1091.673340 52.549335 452.000000 5512.000000 12 0 1 3100.005859 2.839677 -1.000000 -1.000000 -1.000000 -0.948000 189 
180 2 32000.000000 273.799988 28.889334 231.000000 4342.000000 9 0 3 6.344765 6.344765 6.344765 6.344765 6.344765 6.344765 187 189 186 
181 2 0.000000 174.757339 28.889334 231.000000 4342.000000 12 0 3 1000.000000 5.722220 -1.000000 -1.000000 -1.000000 -1.000000 187 189 186 
182 2 425.000000 66.520004 360.571991 3352.000000 19029.000000 16 0 1 2.290996 1.597081 5.323604 5.323604 5.323604 2.982433 193 
183 1 0.000000 28.970667 359.600006 3372.000000 16800.000000 30 21 1 -1.000000 -1.000000 -1.000000 -1.000000 -1.000000 -1.000000 143 99 169 111 57 168 74 21 103 364 112 14 360 69 53 48 118 149 88 174 67 28 
184 2 850.000000 68.552002 360.571991 3352.000000 19029.000000 16 0 1 1.639580 5.115259 5.333615 5.333615 5.333615 4.383587 193 
185 2 0.000000 416.685364 17.106667 110.000000 4580.000000 4 8 3 4.338176 105.625473 -1.000000 -1.000000 0.000000 -1.000000 186 196 259 328 342 204 141 217 209 219 186 
186 2 0.000000 34.865334 416.685364 3724.000000 33214.000000 31 30 1 -1.000000 -1.000000 -1.000000 -1.000000 -1.000000 -1.000000 247 290 181 206 282 272 281 273 333 334 197 310 244 200 323 302 250 180 330 344 224 240 361 331 241 311 260 208 195 185 185 
187 2 0.000000 37.689335 360.571991 3352.000000 19029.000000 30 30 1 -1.000000 -1.000000 -1.000000 -1.000000 -1.000000 -1.000000 247 248 181 206 282 272 281 273 333 334 197 310 244 200 323 302 250 180 330 344 224 240 361 331 241 311 260 208 264 193 193 
188 2 0.000000 79.547997 434.472015 4182.000000 12204.000000 33 13 1 -1.000000 -1.000000 -1.000000 -1.000000 -1.000000 -1.000000 336 338 339 333 334 234 290 322 201 351 199 226 202 201 
189 2 0.000000 52.549335 355.539978 3309.000000 18480.000000 30 30 1 -1.000000 -1.000000 -1.000000 -1.000000 -1.000000 -1.000000 247 179 181 206 282 272 281 273 333 334 197 310 244 200 323 302 250 180 330 344 224 240 361 331 241 311 260 208 346 203 203 
190 2 0.000000 41.751999 13.162666 110.000000 1622.000000 12 0 5 75.000000 1.796321 -1.000000 -1.000000 -1.000000 -0.916667 213 221 209 286 212 
191 2 700.000000 29.630667 107.319992 1019.000000 4065.000000 18 0 2 2.199297 2.047215 5.141870 0.484849 5.141870 5.141870 238 256 
192 2 220.000000 4.501333 20.866667 192.000000 1250.000000 16 0 1 0.101577 0.001000 2.331604 5.018070 5.018070 1.114083 264 
193 2 0.000000 360.571991 13.462667 113.000000 1622.000000 4 17 2 7.323265 126.431755 -1.000000 -1.000000 0.000000 -1.000000 187 233 288 182 293 194 210 321 324 283 257 184 299 313 222 345 317 213 187 
194 2 400.000000 42.413334 29.302668 241.000000 3902.000000 16 0 1 5.400603 1.561453 6.433758 5.204843 5.204843 5.204843 193 
195 2 0.000000 84.786667 13.162666 110.000000 1622.000000 4 6 8 1.398650 52.459675 -1.000000 -1.000000 0.000000 -1.000000 209 239 343 308 341 178 221 219 286 212 186 209 213 214 
196 2 410.000000 44.081333 416.685364 3724.000000 33214.000000 17 0 1 2.308536 0.873922 1.563918 1.563918 1.563918 0.732138 185 
197 2 2700.000000 76.093338 23.977333 192.000000 3583.000000 7 0 4 5.370767 5.370767 5.370767 5.370767 5.370767 5.370767 187 233 189 186 
198 2 840.000000 155.294662 434.472015 4182.000000 12204.000000 19 0 1 5.760951 7.292604 5.760951 1.501444 4.923771 5.760951 201 
199 2 840.000000 18.209333 35.148003 246.000000 7911.000000 7 0 2 5.085603 5.085603 5.085603 5.085603 5.085603 5.085603 188 219 
200 2 0.000000 97.542664 28.889334 231.000000 4342.000000 6 0 3 -1.000000 -1.000000 -1.000000 -1.000000 -1.000000 -1.000000 187 189 186 
201 2 0.000000 434.472015 27.766666 246.000000 2375.000000 5 12 3 12.508343 109.972252 -1.000000 -1.000000 0.000000 -1.000000 188 279 297 309 318 198 216 205 284 207 211 312 218 188 219 
202 2 890.000000 281.085327 35.148003 246.000000 7911.000000 1 0 2 6.380656 1.914197 6.380656 6.380656 6.380656 6.380656 188 219 
203 2 0.000000 355.539978 16.038668 134.000000 1979.000000 4 13 2 9.097158 165.367462 -1.000000 -1.000000 0.000000 -1.000000 189 303 296 289 253 367 355 269 348 368 305 267 230 221 189 
204 2 0.000000 27.332001 416.685364 3724.000000 33214.000000 25 0 1 -1.000000 -1.000000 -1.000000 -1.000000 -1.000000 -1.000000 185 
205 2 1120.000000 569.654663 434.472015 4182.000000 12204.000000 19 0 1 7.802288 1.389956 7.802288 12.719947 7.303604 7.802288 201 
206 2 1650.000000 338.137329 28.889334 231.000000 4342.000000 12 0 3 450.000000 1.330820 6.661722 6.661722 6.661722 6.661722 187 189 186 
207 2 1450.000000 3794.928223 434.472015 4182.000000 12204.000000 22 0 1 23.691540 7.107462 23.691540 23.691540 23.691540 23.691540 201 
208 2 6100.000000 3887.871826 28.889334 231.000000 4342.000000 2 0 3 39.878719 6100.000000 24.149426 24.149426 24.149426 24.149426 187 189 186 
209 2 0.000000 17.106667 84.786667 830.000000 1340.000000 31 29 1 -1.000000 -1.000000 -1.000000 -1.000000 -1.000000 -1.000000 315 190 349 252 285 228 271 231 268 185 264 346 195 322 256 287 232 294 225 270 266 354 255 292 298 356 227 223 261 195 
210 2 275.000000 63.829334 23.977333 192.000000 3583.000000 16 0 1 3.518290 1.776521 7.227108 5.310349 5.310349 5.955861 193 
211 2 72000.000000 257.519989 434.472015 4182.000000 12204.000000 29 0 1 6.264562 6.264562 6.264562 6.264562 6.264562 6.264562 201 
212 2 0.000000 19.094667 107.319992 1019.000000 4065.000000 33 41 2 -1.000000 -1.000000 -1.000000 -1.000000 -1.000000 -1.000000 315 190 349 252 285 228 271 231 268 238 264 346 195 322 256 287 232 294 225 270 266 354 255 292 298 356 227 223 261 327 337 243 340 335 351 316 236 245 237 246 329 256 238 
213 2 0.000000 13.462667 20.866667 192.000000 1250.000000 30 29 1 -1.000000 -1.000000 -1.000000 -1.000000 -1.000000 -1.000000 315 190 349 252 285 228 271 231 268 193 264 346 195 322 256 287 232 294 225 270 266 354 255 292 298 356 227 223 261 264 
214 2 300.000000 253.333328 0.000000 0.000000 0.000000 15 25 0 6.243937 6.243937 6.243937 6.243937 6.243937 -1.000000 315 327 349 285 228 340 335 271 337 268 243 264 346 195 322 232 294 316 225 236 266 329 298 246 223 
215 2 800.000000 13.067999 20.866667 192.000000 1250.000000 16 0 1 0.329392 6.552091 0.162318 5.060274 5.060274 0.756839 264 
216 2 785.000000 140.801331 434.472015 4182.000000 12204.000000 19 0 1 5.689550 1.458047 5.729146 5.838073 4.988273 5.689550 201 
217 2 575.000000 566.583984 416.685364 3724.000000 33214.000000 17 0 1 5.738043 1.939535 3.409483 2.336148 2.336148 2.455604 185 
218 2 0.000000 29.166666 25.100000 241.000000 750.000000 33 17 1 -1.000000 -1.000000 -1.000000 -1.000000 -1.000000 -1.000000 327 337 243 232 340 335 322 201 238 351 316 245 236 223 246 237 329 322 
219 2 0.000000 36.662666 251.967987 2305.000000 16101.000000 31 13 1 -1.000000 -1.000000 -1.000000 -1.000000 -1.000000 -1.000000 336 338 339 234 195 185 290 322 201 199 226 202 276 290 
220 2 430.000000 41.195999 251.967987 2305.000000 16101.000000 17 0 1 1.559654 1.559654 1.559654 1.119371 1.559654 1.181279 290 
221 2 0.000000 16.038668 74.662666 723.000000 1772.000000 30 29 1 -1.000000 -1.000000 -1.000000 -1.000000 -1.000000 -1.000000 315 190 349 252 285 228 271 231 268 203 264 346 195 322 256 287 232 294 225 270 266 354 255 292 298 356 227 223 261 346 
222 2 300.000000 86.613327 360.571991 3352.000000 19029.000000 30 11 1 5.422594 5.422594 5.422594 5.422594 5.422594 -1.000000 315 327 349 285 228 340 335 271 337 268 243 193 
223 2 580.000000 34.186668 13.162666 110.000000 1622.000000 1 0 8 3.818829 1.549294 5.164315 5.164315 5.164315 5.164315 233 212 286 218 209 221 213 214 
224 2 950.000000 397.046692 28.889334 231.000000 4342.000000 1 0 3 16.555798 1.805467 7.344028 6.951938 6.951938 7.051939 187 189 186 
225 2 0.000000 1.200000 7.322667 57.000000 1217.000000 0 0 7 -1.000000 -1.000000 -1.000000 -1.000000 -1.000000 -1.000000 212 286 209 221 280 213 214 
226 2 775.000000 114.858665 35.148003 246.000000 7911.000000 1 0 2 5.561744 1.668523 5.561744 5.561744 5.561744 5.561744 188 219 
227 2 1200.000000 86.430664 13.162666 110.000000 1622.000000 1 0 5 4.173889 3.036179 4.863993 5.421694 5.421694 5.421194 212 286 209 221 213 
228 2 0.000000 18.812000 13.162666 110.000000 1622.000000 3 0 7 -1.000000 -1.000000 -1.000000 -1.000000 -1.000000 -0.999000 214 213 222 221 209 286 212 
229 2 320.000000 39.249336 25.100000 241.000000 750.000000 19 0 1 5.189256 0.907128 5.189256 2.423341 0.876284 7.753813 322 
230 2 800.000000 12.342667 355.539978 3309.000000 18480.000000 28 0 1 5.056701 5.056701 5.056701 5.056701 5.056701 5.056701 203 
231 2 435.000000 21.818666 13.162666 110.000000 1622.000000 13 0 5 55.959541 6.029389 14.021491 5.103384 5.103384 6.769082 213 221 209 286 212 
232 2 0.000000 4.066667 7.322667 57.000000 1217.000000 0 0 10 -1.000000 -1.000000 -1.000000 -1.000000 -1.000000 -1.000000 233 218 212 286 279 209 221 280 213 214 
233 2 0.000000 23.977333 360.571991 3352.000000 19029.000000 30 21 1 -1.000000 -1.000000 -1.000000 -1.000000 -1.000000 -1.000000 315 271 264 287 232 310 244 197 276 354 344 330 356 240 223 213 192 295 215 293 210 193 
234 2 0.000000 337.239990 35.148003 246.000000 7911.000000 0 0 2 -1.000000 -1.000000 -1.000000 -1.000000 -1.000000 -1.000000 219 188 
235 2 180.000000 3.152000 74.662666 723.000000 1772.000000 24 0 1 5.011423 5.011423 5.011423 5.011423 5.011423 5.011423 346 
236 2 0.000000 2.840000 18.566668 154.000000 2375.000000 0 0 4 -1.000000 -1.000000 -1.000000 -1.000000 -1.000000 -1.000000 212 286 218 214 
237 2 750.000000 63.549335 18.566668 154.000000 2375.000000 1 0 4 5.308969 1.592691 5.308969 5.308969 5.308969 5.308969 212 286 279 218 
238 2 0.000000 116.776001 18.566668 154.000000 2375.000000 5 7 3 9.283209 148.428345 -1.000000 -1.000000 0.000000 -1.000000 212 307 314 191 274 325 359 212 279 218 
239 2 0.000000 4.425333 84.786667 830.000000 1340.000000 25 0 1 -1.000000 -1.000000 -1.000000 -1.000000 -1.000000 -1.000000 195 
240 2 775.000000 104.526657 23.977333 192.000000 3583.000000 1 0 4 2.867115 3.339554 5.510843 5.510843 5.510843 5.510843 187 233 189 186 
241 2 72000.000000 236.561325 28.889334 231.000000 4342.000000 9 0 3 6.161310 6.161310 6.161310 6.161310 6.161310 6.161310 187 189 186 
242 2 0.000000 4.500000 29.302668 241.000000 3902.000000 0 0 1 -1.000000 -1.000000 -1.000000 -1.000000 -1.000000 -1.000000 279 
243 2 0.000000 11.073334 18.566668 154.000000 2375.000000 14 0 5 0.010989 -1.000000 -1.000000 -1.000000 -1.000000 -1.000000 214 222 218 212 286 
244 2 0.000000 3.116000 23.977333 192.000000 3583.000000 0 0 4 -1.000000 -1.000000 -1.000000 -1.000000 -1.000000 -1.000000 187 233 189 186 
245 2 360.000000 13.705333 18.566668 154.000000 2375.000000 7 0 4 5.063414 5.063414 5.063414 5.063414 5.063414 5.063414 212 286 279 218 
246 2 765.000000 8.605333 18.566668 154.000000 2375.000000 1 0 5 4.976038 2.813807 5.038289 1.053451 4.689437 5.038289 212 286 279 218 214 
247 2 0.000000 490.689362 28.889334 231.000000 4342.000000 12 0 3 900.000000 1.834154 -1.000000 -1.000000 -1.000000 -0.764167 187 189 186 
248 2 0.000000 914.853333 37.689335 319.000000 4342.000000 4 5 1 27.366901 967.735535 -1.000000 -1.000000 0.000000 -1.000000 263 262 353 362 120 187 
249 2 305.000000 23.854666 74.662666 723.000000 1772.000000 16 0 2 0.784348 0.914979 5.583774 5.113414 5.113414 2.457222 351 346 
250 2 350.000000 487.079987 28.889334 231.000000 4342.000000 1 0 3 7.743556 1.218646 7.395485 7.395485 7.395485 7.395485 187 189 186 
251 2 230.000000 13.189334 74.662666 723.000000 1772.000000 16 0 1 1.244228 0.001000 2.406351 5.060872 5.060872 1.536700 346 
252 2 0.000000 67.000000 13.162666 110.000000 1622.000000 12 0 5 250.000000 3.731343 -1.000000 -1.000000 -1.000000 -1.000000 213 221 209 286 212 
253 2 550.000000 133.222672 355.539978 3309.000000 18480.000000 16 0 1 18.066807 0.580232 10.098381 5.652214 5.652214 10.820755 203 
254 1 1280.000000 38.021332 420.677338 3757.000000 33733.000000 17 0 1 1.030280 1.554962 1.554962 1.554962 1.554962 0.968393 5 
255 2 620.000000 50.823997 13.162666 110.000000 1622.000000 1 0 5 7.221446 1.760590 6.162656 5.246278 5.246278 5.287944 212 286 209 221 213 
256 2 0.000000 107.319992 13.162666 110.000000 1622.000000 4 7 5 9.283209 148.428345 -1.000000 -1.000000 0.000000 -1.000000 212 307 314 191 274 325 359 286 212 209 221 213 
257 2 780.000000 33.142666 360.571991 3352.000000 19029.000000 16 0 1 0.237532 0.588470 4.844473 5.159171 5.159171 6.057111 193 
258 2 0.000000 24.094666 251.967987 2305.000000 16101.000000 0 0 1 -1.000000 -1.000000 -1.000000 -1.000000 -1.000000 -1.000000 290 
259 2 1280.000000 50.453331 416.685364 3724.000000 33214.000000 17 0 1 2.375509 0.208403 1.509633 1.573336 1.573336 3.341610 185 
260 2 6600.000000 516.160034 28.889334 231.000000 4342.000000 2 0 3 10.590667 6600.000000 7.538748 7.538748 7.538748 7.566525 187 189 186 
261 2 360.000000 17.288000 13.162666 110.000000 1622.000000 8 0 5 25.000000 5.081064 5.081064 5.081064 5.081064 5.081064 212 286 209 221 213 
262 2 600.000000 233.254669 914.853333 7848.000000 97540.000000 16 0 1 15.234611 2.071935 6.311913 6.145020 6.145020 7.410319 248 
263 2 900.000000 4000.509277 914.853333 7848.000000 97540.000000 16 0 1 24.704332 7.411300 24.704332 24.704332 24.704332 24.704332 248 
264 2 0.000000 69.666672 13.162666 110.000000 1622.000000 4 5 8 5.305441 54.125221 -1.000000 -1.000000 0.000000 -1.000000 213 192 319 326 215 214 187 233 213 221 286 212 209 
265 2 315.000000 32.529335 74.662666 723.000000 1772.000000 16 0 1 3.009897 0.020183 5.042359 5.156150 5.156150 4.698130 346 
266 2 435.000000 9.269334 13.162666 110.000000 1622.000000 1 0 6 1.799316 0.258160 6.832562 5.041560 5.041560 4.145134 212 286 209 221 213 214 
267 2 72000.000000 273.894684 355.539978 3309.000000 18480.000000 29 0 1 6.345232 6.345232 6.345232 6.345232 6.345232 6.345232 203 
268 2 0.000000 9.674666 13.162666 110.000000 1622.000000 14 0 7 0.009901 -1.000000 -1.000000 -1.000000 -1.000000 -0.950000 214 213 222 221 209 286 212 
269 2 900.000000 25.306667 355.539978 3309.000000 18480.000000 21 0 1 5.120567 1.536170 5.120567 5.120567 5.120567 5.120567 203 
270 2 410.000000 29.182667 13.162666 110.000000 1622.000000 0 0 0 5.139662 5.139662 5.139662 5.139662 5.139662 5.139662 
271 2 0.000000 5.785333 13.162666 110.000000 1622.000000 13 0 8 0.001000 -1.000000 -1.000000 -1.000000 -1.000000 -1.000000 214 213 233 222 221 209 286 212 
272 2 650.000000 238.061325 28.889334 231.000000 4342.000000 13 0 3 0.003500 6.168699 6.168699 6.168699 6.168699 6.168699 187 189 186 
273 2 0.000000 43.614666 28.889334 231.000000 4342.000000 3 0 3 -1.000000 -1.000000 -1.000000 -1.000000 -1.000000 -1.000000 187 189 186 
274 2 650.000000 22.442667 107.319992 1019.000000 4065.000000 18 0 2 2.146104 1.379647 5.582052 1.064463 4.253970 5.106458 238 256 
275 2 0.000000 0.833333 7.322667 57.000000 1217.000000 0 0 1 -1.000000 -1.000000 -1.000000 -1.000000 -1.000000 -1.000000 280 
276 2 0.000000 2.833333 23.977333 192.000000 3583.000000 0 0 2 -1.000000 -1.000000 -1.000000 -1.000000 -1.000000 -1.000000 233 219 
277 2 0.000000 3.666667 7.322667 57.000000 1217.000000 0 0 1 -1.000000 -1.000000 -1.000000 -1.000000 -1.000000 -1.000000 280 
278 2 600.000000 24.836000 74.662666 723.000000 1772.000000 16 0 1 2.430171 6.646858 2.345740 5.118249 5.118249 5.920745 346 
279 2 0.000000 29.302668 434.472015 4182.000000 12204.000000 33 20 1 -1.000000 -1.000000 -1.000000 -1.000000 -1.000000 -1.000000 327 337 322 351 238 232 245 316 242 237 329 246 218 291 229 300 320 286 303 194 201 
280 2 0.000000 7.322667 74.662666 723.000000 1772.000000 30 4 1 -1.000000 -1.000000 -1.000000 -1.000000 -1.000000 -1.000000 275 277 225 232 346 
281 2 0.000000 60.337334 28.889334 231.000000 4342.000000 14 0 3 0.012480 -1.000000 -1.000000 -1.000000 -1.000000 -1.000000 187 189 186 
282 2 0.000000 91.570663 28.889334 231.000000 4342.000000 13 0 3 0.004000 -1.000000 -1.000000 -1.000000 -1.000000 -1.000000 187 189 186 
283 2 700.000000 20.953333 360.571991 3352.000000 19029.000000 16 0 1 4.245381 0.001000 6.765823 5.099121 5.099121 2.198472 193 
284 2 1550.000000 271.137329 434.472015 4182.000000 12204.000000 22 0 1 6.331648 1.899494 6.331648 6.331648 6.331648 6.331648 201 
285 2 0.000000 32.733334 13.162666 110.000000 1622.000000 3 0 7 -1.000000 -1.000000 -1.000000 -1.000000 -1.000000 -1.000000 214 213 222 221 209 286 212 
286 2 0.000000 19.530666 26.462667 241.000000 1772.000000 30 41 2 -1.000000 -1.000000 -1.000000 -1.000000 -1.000000 -1.000000 315 190 349 252 285 228 271 231 268 351 264 346 195 322 256 287 232 294 225 270 266 354 255 292 298 356 227 223 261 327 337 243 340 335 351 316 236 245 237 246 329 351 346 
287 2 0.000000 23.728001 13.162666 110.000000 1622.000000 0 0 6 -1.000000 -1.000000 -1.000000 -1.000000 -1.000000 -1.000000 233 212 286 209 221 213 
288 2 0.000000 51.152000 360.571991 3352.000000 19029.000000 0 0 1 -1.000000 -1.000000 -1.000000 -1.000000 -1.000000 -1.000000 193 
289 2 575.000000 134.605331 98.746666 917.000000 5285.000000 16 0 2 16.109665 1.697708 9.767109 5.659025 5.659025 9.952173 203 351 
290 2 0.000000 251.967987 33.648003 231.000000 7911.000000 5 6 3 3.088745 101.648399 -1.000000 -1.000000 0.000000 -1.000000 219 258 306 304 220 301 186 219 188 
291 2 760.000000 10.722667 25.100000 241.000000 750.000000 27 0 1 5.048719 5.048719 5.048719 5.048719 5.048719 5.048719 322 
292 2 1245.000000 189.480011 13.162666 110.000000 1622.000000 1 0 5 12.653893 1.795640 6.077621 6.673816 5.929364 6.243916 212 286 209 221 213 
293 2 230.000000 22.610666 23.977333 192.000000 3583.000000 16 0 1 1.631912 0.897518 6.435294 5.107285 5.107285 3.525442 193 
294 2 1325.000000 12.066667 13.162666 110.000000 1622.000000 7 0 6 5.055341 5.055341 5.055341 5.055341 5.055341 5.055341 212 286 209 221 213 214 
295 2 350.000000 28.658667 21.562666 192.000000 1772.000000 16 0 1 1.022938 0.001000 4.440584 5.137081 5.137081 3.752349 346 
296 2 510.000000 87.097336 355.539978 3309.000000 18480.000000 16 0 1 10.685021 0.001000 11.034299 5.424978 5.424978 11.889020 203 
297 2 0.000000 68.257339 434.472015 4182.000000 12204.000000 0 0 1 -1.000000 -1.000000 -1.000000 -1.000000 -1.000000 -1.000000 201 
298 2 765.000000 8.673334 13.162666 110.000000 1622.000000 1 0 6 0.001000 7.230332 2.663263 2.124561 5.038624 5.544400 212 286 209 221 213 214 
299 2 0.000000 13.794665 360.571991 3352.000000 19029.000000 0 0 1 -1.000000 -1.000000 -1.000000 -1.000000 -1.000000 -1.000000 193 
300 2 685.000000 94.840004 25.100000 241.000000 750.000000 19 0 1 5.463122 0.117573 5.568562 7.517350 4.332790 7.102994 322 
301 2 1280.000000 33.781334 251.967987 2305.000000 16101.000000 17 0 1 1.548695 1.029766 1.548695 0.645299 1.548695 0.965171 290 
302 2 896.000000 199.234665 28.889334 231.000000 4342.000000 0 0 3 5.977421 5.977421 5.977421 5.977421 5.977421 5.977421 187 189 186 
303 2 440.000000 61.017334 29.302668 241.000000 3902.000000 16 0 2 8.212991 0.175473 8.388741 5.296495 5.296495 6.210147 203 351 
304 2 510.000000 42.446667 251.967987 2305.000000 16101.000000 17 0 1 1.561502 1.561502 1.561502 0.910526 1.561502 1.484686 290 
305 2 800.000000 56.949333 355.539978 3309.000000 18480.000000 16 0 1 0.013301 7.057640 5.018512 5.276454 5.276454 4.801618 203 
306 2 520.000000 11.144000 251.967987 2305.000000 16101.000000 17 0 1 1.515239 1.817315 1.136939 0.024849 1.515239 0.001000 290 
307 2 230.000000 7.869333 107.319992 1019.000000 4065.000000 26 0 2 5.034663 5.034663 5.034663 5.034663 5.034663 5.034663 238 256 
308 2 1280.000000 20.688000 84.786667 830.000000 1340.000000 17 0 1 0.001000 0.001000 1.077718 1.529344 1.529344 1.839714 195 
309 2 600.000000 107.926674 434.472015 4182.000000 12204.000000 20 0 1 5.527594 1.658278 5.527594 10.065564 7.254912 5.527594 201 
310 2 700.000000 14.839999 23.977333 192.000000 3583.000000 8 0 4 125.000000 5.069004 5.069004 5.069004 5.069004 5.069004 187 233 189 186 
311 2 72000.000000 822.081360 28.889334 231.000000 4342.000000 9 0 3 9.045864 9.045864 9.045864 9.045864 9.045864 9.045864 187 189 186 
312 2 800.000000 16.505333 434.472015 4182.000000 12204.000000 28 0 1 5.077208 5.077208 5.077208 5.077208 5.077208 5.077208 201 
313 2 0.000000 87.226669 360.571991 3352.000000 19029.000000 0 0 1 -1.000000 -1.000000 -1.000000 -1.000000 -1.000000 -1.000000 193 
314 2 320.000000 33.741333 107.319992 1019.000000 4065.000000 18 0 2 4.765019 1.548636 5.162121 3.172545 5.162121 5.162121 238 256 
315 2 0.000000 12.020000 13.162666 110.000000 1622.000000 12 0 8 20.000000 1.663894 -1.000000 -1.000000 -1.000000 -1.000000 214 213 233 222 221 209 286 212 
316 2 485.000000 2.532000 18.566668 154.000000 2375.000000 7 0 5 5.008368 5.008368 5.008368 5.008368 5.008368 5.008368 212 286 279 218 214 
317 2 0.000000 30.869333 360.571991 3352.000000 19029.000000 24 0 1 -1.000000 -1.000000 -1.000000 -1.000000 -1.000000 -1.000000 193 
318 2 920.000000 456.953308 434.472015 4182.000000 12204.000000 20 0 1 7.247066 2.174120 7.247066 11.749817 6.475793 7.247066 201 
319 2 475.000000 9.672000 69.666672 680.000000 1250.000000 16 0 1 0.527019 0.007745 0.747129 5.043543 5.043543 1.897052 264 
320 2 500.000000 73.102669 25.100000 241.000000 750.000000 20 0 2 5.356033 1.606810 5.356033 6.362937 4.999640 5.356033 351 322 
321 2 550.000000 246.749344 360.571991 3352.000000 19029.000000 16 0 1 27.031357 2.889832 9.402851 6.211501 6.211501 10.478615 193 
322 2 0.000000 61.000000 13.162666 110.000000 1622.000000 5 6 10 5.895639 38.340046 -1.000000 -1.000000 0.000000 -1.000000 218 320 291 229 300 332 219 218 188 286 212 279 209 221 213 214 
323 2 0.000000 337.239990 28.889334 231.000000 4342.000000 0 0 3 -1.000000 -1.000000 -1.000000 -1.000000 -1.000000 -1.000000 187 189 186 
324 2 340.000000 97.306664 360.571991 3352.000000 19029.000000 16 0 1 7.289557 0.648322 4.705870 5.475274 5.475274 4.975211 193 
325 2 400.000000 75.054672 107.319992 1019.000000 4065.000000 18 0 2 5.011185 1.609695 5.365650 4.728195 5.365650 5.365650 238 256 
326 2 380.000000 16.247999 69.666672 680.000000 1250.000000 16 0 1 1.383514 0.001000 5.853060 5.075940 5.075940 2.136539 264 
327 2 0.000000 9.102667 18.566668 154.000000 2375.000000 12 0 6 10.000000 1.098579 -1.000000 -1.000000 -1.000000 -1.000000 214 222 218 212 286 279 
328 2 500.000000 40.850666 416.685364 3724.000000 33214.000000 17 0 1 1.108085 1.559143 1.559143 1.559143 1.559143 1.477942 185 
329 2 550.000000 35.677334 18.566668 154.000000 2375.000000 1 0 5 5.171659 1.551497 5.171659 4.868128 5.171659 5.171659 212 286 279 218 214 
330 2 1335.000000 253.286667 23.977333 192.000000 3583.000000 1 0 4 12.000653 1.873112 5.866095 6.243707 6.243707 6.494524 187 233 189 186 
331 2 3000.000000 180.156006 28.889334 231.000000 4342.000000 9 0 3 5.883430 5.883430 5.883430 5.883430 5.883430 5.883430 187 189 186 
332 2 0.000000 95.081337 61.000000 600.000000 750.000000 0 0 1 -1.000000 -1.000000 -1.000000 -1.000000 -1.000000 -1.000000 322 
333 2 0.000000 92.375999 28.889334 231.000000 4342.000000 3 0 4 -0.997000 -1.000000 -1.000000 -1.000000 -1.000000 -0.950000 187 189 188 186 
334 2 0.000000 84.866669 28.889334 231.000000 4342.000000 3 0 4 -1.000000 -1.000000 -1.000000 -1.000000 -1.000000 -1.000000 187 189 188 186 
335 2 0.000000 31.386667 18.566668 154.000000 2375.000000 3 0 5 -1.000000 -1.000000 -1.000000 -1.000000 -1.000000 -1.000000 214 222 218 212 286 
336 2 0.000000 537.971985 35.148003 246.000000 7911.000000 12 0 2 950.000000 1.765891 -1.000000 -1.000000 -1.000000 -1.000000 219 188 
337 2 0.000000 6.292000 18.566668 154.000000 2375.000000 13 0 6 0.001000 -1.000000 -1.000000 -1.000000 -1.000000 -1.000000 214 222 218 212 286 279 
338 2 0.000000 98.034668 35.148003 246.000000 7911.000000 13 0 2 0.004000 -1.000000 -1.000000 -1.000000 -1.000000 -1.000000 219 188 
339 2 0.000000 68.701332 35.148003 246.000000 7911.000000 14 0 2 0.014265 -1.000000 -1.000000 -1.000000 -1.000000 -1.000000 219 188 
340 2 0.000000 37.030666 18.566668 154.000000 2375.000000 3 0 5 -1.000000 -1.000000 -1.000000 -1.000000 -1.000000 -1.000000 214 222 218 212 286 
341 2 0.000000 8.696000 84.786667 830.000000 1340.000000 0 0 1 -1.000000 -1.000000 -1.000000 -1.000000 -1.000000 -1.000000 195 
342 2 550.000000 14.397333 416.685364 3724.000000 33214.000000 17 0 1 0.229918 6.847278 1.235746 1.520047 1.520047 1.531203 185 
343 2 502.000000 7.748000 84.786667 830.000000 1340.000000 17 0 1 0.027567 0.722498 0.146933 1.510219 1.510219 0.621010 195 
344 2 730.000000 67.293335 23.977333 192.000000 3583.000000 1 0 4 9.343334 1.598224 5.631500 5.327414 5.327414 5.827414 187 233 189 186 
345 2 0.000000 11.010667 360.571991 3352.000000 19029.000000 0 0 1 -1.000000 -1.000000 -1.000000 -1.000000 -1.000000 -1.000000 193 
346 2 0.000000 74.662666 13.162666 110.000000 1622.000000 4 10 7 5.898546 60.433830 -1.000000 -1.000000 0.000000 -1.000000 221 286 280 235 251 249 295 265 350 278 213 189 221 286 212 209 214 
347 0 0.000000 21.545334 0.000000 0.000000 0.000000 0 0 0 -1.000000 -1.000000 -1.000000 -1.000000 -1.000000 -1.000000 
348 2 1240.000000 91.059998 355.539978 3309.000000 18480.000000 21 0 1 5.444500 1.633350 5.444500 5.444500 5.444500 5.444500 203 
349 2 0.000000 4.430667 13.162666 110.000000 1622.000000 0 0 7 -1.000000 -1.000000 -1.000000 -1.000000 -1.000000 -1.000000 214 213 222 221 209 286 212 
350 2 650.000000 18.858667 74.662666 723.000000 1772.000000 21 0 1 5.088801 1.526640 5.088801 5.088801 5.088801 5.088801 346 
351 2 0.000000 98.746666 18.566668 154.000000 2375.000000 5 6 6 8.911609 134.774567 -1.000000 -1.000000 0.000000 -1.000000 286 249 303 289 355 320 188 286 212 286 279 218 
352 1 320.000000 40.540001 22.333332 213.000000 775.000000 19 0 1 5.195614 0.323377 7.889048 2.007662 3.078848 7.455012 152 
353 2 590.000000 1890.749268 914.853333 7848.000000 97540.000000 16 0 1 14.310637 4.293191 14.310637 14.310637 14.310637 14.310637 248 
354 2 435.000000 20.455999 13.162666 110.000000 1622.000000 1 0 6 7.485549 0.676141 5.902301 5.096671 5.096671 5.074783 233 212 286 209 221 213 
355 2 0.000000 146.413330 98.746666 917.000000 5285.000000 0 0 2 -1.000000 -1.000000 -1.000000 -1.000000 -1.000000 -1.000000 203 351 
356 2 840.000000 49.183998 13.162666 110.000000 1622.000000 1 0 6 4.320298 2.503656 5.238199 5.238199 5.238199 5.741197 233 212 286 209 221 213 
357 1 350.000000 134.409332 860.786743 7396.000000 90890.000000 16 0 1 7.981122 1.697418 6.094425 5.658060 5.658060 7.087849 137 
358 1 2400.000000 219.680008 27.445333 220.000000 4084.000000 1 0 3 4.887231 4.846143 6.078144 6.078144 6.078144 6.078144 8 10 7 
359 2 275.000000 76.281334 107.319992 1019.000000 4065.000000 18 0 2 5.491084 1.611508 5.371693 5.688996 5.179991 5.371693 238 256 
360 1 840.000000 51.228004 12.228000 102.000000 1521.000000 1 0 6 4.739340 2.444169 5.248269 5.248269 5.248269 5.248269 183 38 32 36 48 40 
361 2 2400.000000 253.080002 28.889334 231.000000 4342.000000 1 0 3 0.884394 9.808831 6.242689 6.242689 6.242689 6.242689 187 189 186 
362 2 780.000000 192.809326 914.853333 7848.000000 97540.000000 16 0 1 13.354725 1.069264 10.208545 5.945766 5.945766 5.739778 248 
363 0 600.000000 17.524000 0.000000 0.000000 0.000000 0 0 0 5.082226 5.082226 5.082226 5.082226 5.082226 5.082226 
364 1 475.000000 19.511999 12.228000 102.000000 1521.000000 1 0 6 6.600668 1.527606 5.092020 5.092020 5.092020 4.839439 183 38 32 36 48 40 
365 1 880.000000 407.869324 445.827972 4290.000000 12621.000000 20 0 1 7.005256 2.101577 7.820436 12.204236 6.405603 7.604109 25 
366 1 670.000000 16.888000 76.770668 743.000000 1853.000000 21 0 1 5.079093 1.523728 5.079093 5.079093 5.079093 5.079093 169 
367 2 700.000000 121.501328 355.539978 3309.000000 18480.000000 16 0 1 13.496593 3.591911 7.438212 5.594469 5.594469 8.009241 203 
368 2 1275.000000 158.953339 355.539978 3309.000000 18480.000000 21 0 1 5.778975 1.733693 5.778975 5.778975 5.778975 5.778975 203 
0 
-1.000000 -1.000000 -1.000000 -1.000000 -1.000000 -1.000000 -1.000000 -1.000000 -1.000000 

19 14 19 26 39 53 64 65 69 76 78 81 84 93 112 124 157 358 360 364 
463.761322 8.416000 125.671852 281.972656 7.199219 72.187500 2400.000000 350.000000 887.368408 

2 34 170 
4060.525391 499.306641 2279.916016 2628.753906 332.753906 1480.753906 6200.000000 5750.000000 5975.000000 

7 56 100 110 159 160 161 166 
90.758667 18.022667 48.030479 79.652344 11.425781 45.576450 -1.000000 -1.000000 -1.000000 

8 5 13 20 28 85 90 137 169 
860.786743 72.006668 292.685028 191.812500 26.406250 74.685059 -1.000000 -1.000000 -1.000000 

5 25 66 115 152 176 
445.827972 62.533333 190.959991 77.988281 23.632813 57.607033 -1.000000 -1.000000 -1.000000 

1 24 
95.720001 95.720001 95.720001 106.531250 106.531250 106.531250 -1.000000 -1.000000 -1.000000 

4 21 75 119 144 
76.273331 2.537333 26.181000 46.093750 3.562500 15.123047 2950.000000 0.000000 1475.000000 

2 86 168 
33.193336 14.233333 23.713335 38.886719 35.468750 37.177734 760.000000 500.000000 630.000000 

4 2 15 55 139 
874.857300 186.322662 385.557678 697.082031 309.558594 446.473633 -1.000000 -1.000000 -1.000000 

0 
-1.000000 -1.000000 -1.000000 -1.000000 -1.000000 -1.000000 -1.000000 -1.000000 -1.000000 

0 
-1.000000 -1.000000 -1.000000 -1.000000 -1.000000 -1.000000 -1.000000 -1.000000 -1.000000 

10 1 3 11 41 77 79 80 143 156 162 
1087.053345 9.224000 302.616791 615.347656 8.546875 202.398834 2750.000000 0.000000 754.500000 

5 16 99 108 163 164 
72.318665 5.694667 34.181068 138.164063 7.031250 44.214062 0.004000 0.000900 0.002180 

4 73 94 107 165 
70.102669 8.982667 38.023003 191.265625 10.175781 87.409180 -1.000000 -1.000000 -1.000000 

1 43 
253.333328 253.333328 253.333328 292.968750 292.968750 292.968750 -1.000000 -1.000000 -1.000000 

27 4 30 35 44 62 67 70 82 87 88 92 95 97 114 118 121 125 128 142 145 146 148 149 171 173 174 357 
1864.542603 5.696000 137.890030 691.921875 5.546875 74.255501 950.000000 180.000000 508.703705 

15 33 49 52 68 83 89 91 116 127 129 132 135 155 177 254 
459.228027 7.916000 65.276886 330.812500 15.925781 71.528389 1280.000000 350.000000 690.799988 

5 12 17 18 101 154 
77.084000 20.062666 36.489067 79.457031 12.476563 27.796875 700.000000 320.000000 536.000000 

5 6 31 45 126 352 
545.741333 40.540001 194.010391 229.414063 25.488281 89.892967 1040.000000 320.000000 718.000000 

3 150 151 365 
407.869324 70.065331 198.458664 191.746094 38.648438 99.932289 880.000000 500.000000 660.000000 

4 96 98 138 366 
433.642670 16.888000 145.111343 395.382813 11.710938 122.400391 -1.000000 -1.000000 -1.000000 

2 109 175 
3530.074707 277.872009 1903.973389 1170.011719 87.175781 628.593750 -1.000000 -1.000000 -1.000000 

0 
-1.000000 -1.000000 -1.000000 -1.000000 -1.000000 -1.000000 -1.000000 -1.000000 -1.000000 

4 59 61 71 147 
23.758667 1.829333 12.710667 68.871094 3.082031 21.972656 -1.000000 -1.000000 -1.000000 

2 29 113 
27.249334 4.966666 16.108000 50.074219 10.097656 30.085938 -1.000000 -1.000000 -1.000000 

1 136 
9.158667 9.158667 9.158667 13.234375 13.234375 13.234375 -1.000000 -1.000000 -1.000000 

1 117 
11.313334 11.313334 11.313334 8.054688 8.054688 8.054688 -1.000000 -1.000000 -1.000000 

2 22 140 
15.670667 9.068000 12.369333 26.203125 19.285156 22.744141 -1.000000 -1.000000 -1.000000 

2 37 130 
261.033356 252.209320 256.621338 373.742188 333.570313 353.656250 -1.000000 -1.000000 -1.000000 

10 8 10 32 40 43 48 50 58 106 183 
253.333328 6.674666 52.953331 292.968750 13.488281 57.610157 -1.000000 -1.000000 -1.000000 

3 7 36 47 
34.127998 16.260000 27.850222 78.507813 34.546875 60.813801 -1.000000 -1.000000 -1.000000 

1 38 
16.964001 16.964001 16.964001 17.468750 17.468750 17.468750 -1.000000 -1.000000 -1.000000 

4 9 38 46 105 
79.590668 16.964001 37.790333 64.707031 17.468750 30.668945 -1.000000 -1.000000 -1.000000 

25.500000 110.849998 28.783333 58.674446 

147.899994 370.799988 74.633331 273.700012 

62.099998 100.199997 13.033333 75.960007 

86.400002 100.199997 4.933332 90.480003 

79.500000 93.000000 4.833333 85.200005 

-431602080.000000 -431602080.000000 0.000000 -431602080.000000 

0 
-1.000000 -1.000000 -1.000000 -1.000000 -1.000000 -1.000000 -1.000000 -1.000000 -1.000000 

19 202 223 224 226 227 237 240 246 250 255 266 292 298 329 330 344 354 356 361 
487.079987 8.605333 132.347015 297.738281 6.832031 74.194283 2400.000000 350.000000 862.631592 

2 208 260 
3887.871826 516.160034 2202.015869 2658.710938 364.207031 1511.458984 6600.000000 6100.000000 6350.000000 

7 228 273 285 333 334 335 340 
92.375999 18.812000 48.688572 80.171875 11.425781 46.274555 -1.000000 -1.000000 -1.000000 

8 185 193 195 203 248 256 264 346 
914.853333 69.666672 298.010834 210.378906 27.343750 77.845703 -1.000000 -1.000000 -1.000000 

5 201 238 290 322 351 
434.472015 61.000000 192.592545 78.523438 23.437500 58.547657 -1.000000 -1.000000 -1.000000 

1 200 
97.542664 97.542664 97.542664 102.207031 102.207031 102.207031 -1.000000 -1.000000 -1.000000 

5 197 199 245 294 316 
76.093338 2.532000 24.521334 46.718750 3.515625 17.090626 2700.000000 0.000000 1114.000000 

2 261 310 
17.288000 14.839999 16.063999 36.687500 17.878906 27.283203 700.000000 360.000000 530.000000 

4 180 241 311 331 
822.081360 180.156006 378.149658 707.980469 308.308594 447.861328 -1.000000 -1.000000 -1.000000 

0 
-1.000000 -1.000000 -1.000000 -1.000000 -1.000000 -1.000000 -1.000000 -1.000000 -1.000000 

0 
-1.000000 -1.000000 -1.000000 -1.000000 -1.000000 -1.000000 -1.000000 -1.000000 -1.000000 

9 179 181 190 206 247 252 315 327 336 
1091.673340 9.102667 307.011566 618.710938 8.179688 196.150177 3100.000000 0.000000 749.444458 

6 231 271 272 282 337 338 
238.061325 5.785333 76.927101 135.871094 7.320313 60.305340 0.004000 0.000900 0.002400 

4 243 268 281 339 
68.701332 9.674666 37.446667 174.308594 10.476563 79.335938 -1.000000 -1.000000 -1.000000 

1 214 
253.333328 253.333328 253.333328 292.968750 292.968750 292.968750 -1.000000 -1.000000 -1.000000 

28 182 184 192 194 210 215 249 251 253 257 262 263 265 278 283 289 293 295 296 303 305 319 321 324 326 353 362 367 
4000.509277 4.501333 276.441101 949.398438 4.996094 102.230331 900.000000 220.000000 523.928589 

12 178 196 217 220 259 301 304 306 308 328 342 343 
566.583984 7.748000 73.426765 329.019531 12.003906 71.780273 1280.000000 220.000000 671.416687 

5 191 274 314 325 359 
76.281334 22.442667 47.430134 76.511719 13.980469 33.996876 700.000000 275.000000 469.000000 

5 198 205 216 229 300 
569.654663 39.249336 199.968002 236.875000 26.015625 94.069534 1120.000000 320.000000 750.000000 

3 309 318 320 
456.953308 73.102669 212.660889 214.871094 38.003906 107.115883 920.000000 500.000000 673.333313 

5 120 269 348 350 368 
623.156006 18.858667 183.466919 494.226563 12.710938 135.440628 -1.000000 -1.000000 -1.000000 

2 207 284 
3794.928223 271.137329 2033.032715 1208.062500 86.429688 647.246094 -1.000000 -1.000000 -1.000000 

0 
-1.000000 -1.000000 -1.000000 -1.000000 -1.000000 -1.000000 -1.000000 -1.000000 -1.000000 

2 235 317 
30.869333 3.152000 17.010666 86.902344 4.312500 45.607422 -1.000000 -1.000000 -1.000000 

2 204 239 
27.332001 4.425333 15.878667 51.812500 8.421875 30.117188 -1.000000 -1.000000 -1.000000 

1 307 
7.869333 7.869333 7.869333 13.855469 13.855469 13.855469 -1.000000 -1.000000 -1.000000 

1 291 
10.722667 10.722667 10.722667 7.332031 7.332031 7.332031 -1.000000 -1.000000 -1.000000 

2 230 312 
16.505333 12.342667 14.424000 27.441406 25.015625 26.228516 -1.000000 -1.000000 -1.000000 

2 211 267 
273.894684 257.519989 265.707336 376.757813 333.089844 354.923828 -1.000000 -1.000000 -1.000000 

9 187 189 213 214 221 222 233 280 286 
253.333328 7.322667 56.724144 292.968750 13.871094 63.779079 -1.000000 -1.000000 -1.000000 

3 186 209 219 
36.662666 17.106667 29.544889 81.656250 36.273438 62.748699 -1.000000 -1.000000 -1.000000 

1 212 
19.094667 19.094667 19.094667 17.875000 17.875000 17.875000 -1.000000 -1.000000 -1.000000 

4 188 212 218 279 
79.547997 19.094667 39.278000 67.296875 17.875000 31.926758 -1.000000 -1.000000 -1.000000 

16.500000 97.650002 27.383333 49.405186 

114.900002 396.600006 94.233337 273.324982 

44.400002 100.199997 18.933332 70.319992 

79.199997 96.599998 6.133334 85.139999 

77.699997 91.199997 4.833333 83.299995 

-431602080.000000 -431602080.000000 0.000000 -431602080.000000 

