MOD_LEARN_0_80 
0.000000 25.000000 0.000000 0.000000 0.000000 
98.621643 25.000000 1.378358 0.000000 0.000000 
0.000000 25.000000 0.000000 0.000000 0.000000 
66.508316 25.000000 11.876484 11.876484 9.738717 
0.000000 25.000000 36.802944 38.942932 24.254120 
0.000000 25.000000 0.000000 0.000000 0.000000 
98.992805 25.000000 1.007189 0.000000 0.000000 
0.000000 25.000000 0.000000 0.000000 0.000000 
67.129631 25.000000 11.574075 11.574075 9.722222 
0.000000 25.000000 40.158688 37.061806 22.779509 
0.000752 0.000751 0.000739 0.000123 
0.000000 0.000310 0.000012 0.000014 
0.000000 0.000000 0.000310 0.000001 
0.369142 0.362087 0.360000 0.360000 
0.000000 0.072000 0.360000 0.000000 
0.000000 0.000000 0.000000 0.000000 
1 1 0 144 0.000000 1087.053345 50.117332 10 0 1 3000.000000 2.759754 -1.000000 -1.000000 -1.000000 -1.000000 10 
2 1 0 144 32000.000000 168.474670 34.127998 8 0 3 6.032352 6.032352 6.032352 6.032352 6.032352 6.032352 8 10 7 
3 1 0 144 0.000000 185.136002 34.127998 10 0 3 1250.000000 6.751793 -1.000000 -1.000000 -1.000000 -1.000000 8 10 7 
4 1 0 1 875.000000 55.321331 364.036011 14 0 1 0.053363 5.831641 5.335543 5.335543 5.335543 4.710081 13 
5 1 2 144 0.000000 420.677338 16.260000 4 10 3 4.237396 118.427330 -1.000000 -1.000000 0.000000 -1.000000 7 33 116 91 83 29 52 177 254 49 36 47 7 
6 1 0 40 840.000000 158.543991 445.827972 17 0 1 5.971199 1.771936 5.971199 5.971199 5.971199 5.971199 25 
7 1 5 2 0.000000 34.127998 420.677338 28 31 1 -1.000000 -1.000000 -1.000000 -1.000000 -1.000000 -1.000000 77 41 115 3 80 108 107 100 159 160 21 168 74 24 153 131 78 2 14 112 19 69 358 55 15 139 34 170 51 20 5 5 
8 1 5 1 0.000000 34.445335 364.036011 28 31 1 -1.000000 -1.000000 -1.000000 -1.000000 -1.000000 -1.000000 77 41 137 3 80 108 107 100 159 160 21 168 74 24 153 131 78 2 14 112 19 69 358 55 15 139 34 170 51 90 13 13 
9 1 5 72 0.000000 79.590668 445.827972 28 13 1 -1.000000 -1.000000 -1.000000 -1.000000 -1.000000 -1.000000 162 164 165 159 160 60 115 152 25 176 23 64 26 25 
10 1 5 1 0.000000 50.117332 359.600006 28 31 1 -1.000000 -1.000000 -1.000000 -1.000000 -1.000000 -1.000000 77 41 1 3 80 108 107 100 159 160 21 168 74 24 153 131 78 2 14 112 19 69 358 55 15 139 34 170 51 169 28 28 
11 1 0 144 0.000000 35.984001 12.228000 10 0 5 75.000000 2.084260 -1.000000 -1.000000 -1.000000 -1.000000 40 48 36 32 38 
12 1 0 4 800.000000 27.349335 100.776001 16 0 2 0.586352 4.716871 5.163288 5.163288 5.163288 3.460323 85 66 
13 1 2 144 0.000000 364.036011 12.228000 4 18 2 7.011289 130.128555 -1.000000 -1.000000 0.000000 -1.000000 8 58 123 59 17 174 97 146 67 142 62 145 4 167 50 130 22 147 40 8 
14 1 0 144 1320.000000 256.627991 28.970667 1 0 4 6.075210 1.941059 6.575210 6.575210 6.575210 6.575210 8 10 183 7 
15 1 0 144 72000.000000 222.951996 34.127998 8 0 3 6.367829 6.367829 6.367829 6.367829 6.367829 6.367829 8 10 7 
16 1 0 144 0.000000 18.674667 12.228000 11 0 5 0.000900 -1.000000 -1.000000 -1.000000 -1.000000 -1.000000 40 48 36 32 38 
17 1 0 4 600.000000 27.790668 26.266666 16 0 2 2.996900 1.663833 5.413703 5.166006 5.166006 2.247786 13 105 
18 1 0 4 320.000000 30.158667 100.776001 16 0 2 4.788836 1.307519 5.180588 5.180588 5.180588 4.010625 85 66 
19 1 0 144 1400.000000 381.917328 34.127998 1 0 3 8.245647 1.945991 7.346754 7.346754 7.346754 7.627944 8 10 7 
20 1 2 144 0.000000 86.826668 12.228000 4 6 8 1.524965 48.122753 -1.000000 -1.000000 0.000000 -1.000000 36 113 68 155 27 89 48 47 38 32 7 36 40 43 
21 1 0 144 0.000000 76.273331 28.970667 6 0 4 -1.000000 -1.000000 -1.000000 -1.000000 -1.000000 -1.000000 8 10 183 7 
22 1 0 1 800.000000 9.068000 364.036011 26 0 1 5.050710 5.050710 5.050710 5.050710 5.050710 5.050710 13 
23 1 0 336 0.000000 19.591999 33.162666 0 0 2 -1.000000 -1.000000 -1.000000 -1.000000 -1.000000 -1.000000 9 47 
24 1 0 144 0.000000 67.003998 34.127998 5 0 3 -1.000000 -1.000000 -1.000000 -1.000000 -1.000000 -1.000000 8 10 7 
25 1 2 304 0.000000 445.827972 28.340000 4 12 3 12.649788 110.195717 -1.000000 -1.000000 0.000000 -1.000000 9 105 122 151 365 6 45 31 109 175 37 140 46 9 47 
26 1 0 304 915.000000 260.689331 33.162666 1 0 2 6.600220 1.948062 6.600220 6.600220 6.600220 6.600220 9 47 
27 1 0 2 0.000000 8.052000 86.826668 0 0 1 -1.000000 -1.000000 -1.000000 -1.000000 -1.000000 -1.000000 20 
28 1 2 144 0.000000 359.600006 15.202667 4 11 2 8.195489 125.654793 -0.999500 -1.000000 0.000000 -1.000000 10 183 44 92 35 148 96 98 95 173 133 48 10 
29 1 0 2 0.000000 27.249334 420.677338 23 0 1 -1.000000 -1.000000 -1.000000 -1.000000 -1.000000 -1.000000 5 
30 1 0 1 800.000000 1626.365356 812.320007 14 0 1 15.010193 4.302854 15.010193 15.010193 15.010193 15.010193 137 
31 1 0 40 1040.000000 545.741333 445.827972 17 0 1 8.355599 2.439568 8.355599 8.355599 8.355599 8.355599 25 
32 1 5 1 0.000000 17.222668 26.266666 28 41 3 -1.000000 -1.000000 -1.000000 -1.000000 -1.000000 -1.000000 143 11 172 79 110 56 99 16 94 66 90 169 20 152 85 111 57 119 54 42 93 364 84 81 124 360 39 53 86 156 163 73 166 161 176 144 63 75 65 76 157 176 105 169 
33 1 0 2 380.000000 37.104000 420.677338 15 0 1 4.113240 0.639529 1.811612 1.562540 1.562540 3.930425 5 
34 1 0 144 6200.000000 499.306641 34.127998 2 0 3 8.199285 6200.000488 8.069650 8.069650 8.069650 8.069650 8 10 7 
35 1 0 1 460.000000 103.857338 359.600006 14 0 1 13.109229 0.482073 6.963772 5.634432 5.634432 9.588366 28 
36 1 5 2 0.000000 16.260000 86.826668 28 29 1 -1.000000 -1.000000 -1.000000 -1.000000 -1.000000 -1.000000 143 11 172 79 110 56 99 16 94 5 90 169 20 152 85 111 57 119 54 42 93 364 84 81 124 360 39 53 86 20 
37 1 0 40 72000.000000 252.209320 445.827972 27 0 1 6.547999 6.547999 6.547999 6.547999 6.547999 6.547999 25 
38 1 5 4 0.000000 16.964001 100.776001 28 41 2 -1.000000 -1.000000 -1.000000 -1.000000 -1.000000 -1.000000 143 11 172 79 110 56 99 16 94 66 90 169 20 152 85 111 57 119 54 42 93 364 84 81 124 360 39 53 86 156 163 73 166 161 176 144 63 75 65 76 157 66 85 
39 1 0 144 1200.000000 81.059998 12.228000 1 0 5 5.166698 1.585716 5.494044 5.494044 5.494044 5.494044 38 32 36 48 40 
40 1 5 1 0.000000 12.228000 62.006664 28 29 1 -1.000000 -1.000000 -1.000000 -1.000000 -1.000000 -1.000000 143 11 172 79 110 56 99 16 94 13 90 169 20 152 85 111 57 119 54 42 93 364 84 81 124 360 39 53 86 90 
41 1 0 144 0.000000 521.761353 34.127998 10 0 3 1000.000000 1.916585 -1.000000 -1.000000 -1.000000 -1.000000 8 10 7 
42 1 0 1 440.000000 33.561333 12.228000 0 0 5 5.201542 5.201542 5.201542 5.201542 5.201542 5.201542 38 32 36 48 40 
43 1 21 1 300.000000 253.333328 0.000000 13 25 0 6.554921 6.554921 6.554921 6.554921 6.554921 -1.000000 143 156 172 110 56 166 161 99 163 94 73 90 169 20 152 57 119 144 54 63 93 157 124 76 53 
44 1 0 1 480.000000 95.049332 26.266666 14 0 3 9.166060 1.491437 5.686888 5.580192 5.580192 7.163954 28 176 105 
45 1 0 40 740.000000 133.377335 445.827972 17 0 1 5.816219 1.728541 5.816219 5.816219 5.816219 5.816219 25 
46 1 5 40 0.000000 28.340000 26.266666 28 18 2 -1.000000 -1.000000 -1.000000 -1.000000 -1.000000 -1.000000 156 163 73 57 166 161 152 25 66 176 144 75 63 53 76 65 157 115 152 105 
47 1 5 2 0.000000 33.162666 292.601349 28 13 1 -1.000000 -1.000000 -1.000000 -1.000000 -1.000000 -1.000000 162 164 165 60 20 5 115 152 25 23 64 26 103 115 
48 1 5 1 0.000000 15.202667 28.970667 28 29 2 -1.000000 -1.000000 -1.000000 -1.000000 -1.000000 -1.000000 143 11 172 79 110 56 99 16 94 28 90 169 20 152 85 111 57 119 54 42 93 364 84 81 124 360 39 53 86 169 183 
49 1 0 2 500.000000 459.228027 420.677338 15 0 1 5.505976 2.119155 2.290395 2.290395 2.290395 2.174375 5 
50 1 5 1 300.000000 87.514664 364.036011 28 11 1 5.533792 5.533792 5.533792 5.533792 5.533792 -1.000000 143 156 172 110 56 166 161 99 163 94 73 13 
51 1 0 144 0.000000 34.333336 34.127998 0 0 3 -1.000000 -1.000000 -1.000000 -1.000000 -1.000000 -1.000000 8 10 7 
52 1 0 2 520.000000 38.133335 420.677338 15 0 1 1.199435 0.897665 1.564315 1.564315 1.564315 1.444309 5 
53 1 0 144 580.000000 30.144001 12.228000 1 0 8 2.234029 1.029205 5.180498 5.180498 5.589786 5.180498 183 38 32 46 36 48 40 43 
54 1 0 144 0.000000 1.200000 6.674666 0 0 7 -1.000000 -1.000000 -1.000000 -1.000000 -1.000000 -1.000000 38 32 36 48 106 40 43 
55 1 0 144 6000.000000 186.322662 34.127998 8 0 3 6.142262 6.142262 6.142262 6.142262 6.142262 6.142262 8 10 7 
56 1 0 144 0.000000 18.022667 12.228000 3 0 7 -0.999000 -1.000000 -1.000000 -1.000000 -1.000000 -0.900000 43 40 50 48 36 32 38 
57 1 0 144 0.000000 4.066667 6.674666 0 0 10 -1.000000 -1.000000 -1.000000 -1.000000 -1.000000 -1.000000 183 46 38 32 105 36 48 106 40 43 
58 1 5 1 0.000000 23.824001 364.036011 28 4 1 -1.000000 -1.000000 -1.000000 -1.000000 -1.000000 -1.000000 143 172 99 94 13 
59 1 0 1 220.000000 20.774668 364.036011 22 0 1 5.122801 5.122801 5.122801 5.122801 5.122801 5.122801 13 
60 1 0 304 0.000000 338.882660 33.162666 0 0 2 -1.000000 -1.000000 -1.000000 -1.000000 -1.000000 -1.000000 47 9 
61 1 0 1 180.000000 3.356000 76.770668 22 0 1 5.015535 5.015535 5.015535 5.015535 5.015535 5.015535 169 
62 1 0 1 660.000000 172.524002 364.036011 14 0 1 15.505760 1.335016 8.385245 6.057289 6.057289 7.919387 13 
63 1 0 304 0.000000 2.800000 16.964001 0 0 4 -1.000000 -1.000000 -1.000000 -1.000000 -1.000000 -1.000000 38 32 46 43 
64 1 0 304 775.000000 109.741333 33.162666 1 0 2 5.670667 1.687787 5.670667 5.670667 5.670667 5.670667 9 47 
65 1 0 304 750.000000 60.128002 16.964001 1 0 4 5.365143 1.602240 5.365143 5.741683 5.365143 5.365143 38 32 105 46 
66 1 2 304 0.000000 109.695999 16.964001 4 6 4 9.331616 136.958221 -1.000000 -1.000000 0.000000 -1.000000 38 136 18 12 101 154 32 38 105 46 
67 1 0 1 580.000000 34.431999 28.970667 14 0 2 3.035363 0.693024 5.275012 5.206904 5.206904 5.718965 13 183 
68 1 0 2 530.000000 10.382667 86.826668 15 0 1 0.220411 1.631523 0.172416 0.946460 1.516466 0.055185 20 
69 1 0 144 775.000000 100.133331 28.970667 1 0 4 5.611500 4.458897 5.611500 5.611500 5.611500 5.611500 8 10 183 7 
70 1 0 1 180.000000 12.118667 76.770668 14 0 1 0.778099 0.001000 4.720154 5.069496 5.069496 2.643929 169 
71 1 0 1 140.000000 1.829333 62.006664 22 0 1 5.006134 5.006134 5.006134 5.006134 5.006134 5.006134 90 
72 1 0 144 0.000000 4.500000 26.266666 0 0 1 -1.000000 -1.000000 -1.000000 -1.000000 -1.000000 -1.000000 105 
73 1 0 304 0.000000 3.406667 16.964001 12 0 5 0.018033 -1.000000 -1.000000 -1.000000 -1.000000 -1.000000 43 50 46 38 32 
74 1 0 144 0.000000 3.600000 28.970667 0 0 4 -1.000000 -1.000000 -1.000000 -1.000000 -1.000000 -1.000000 8 10 183 7 
75 1 0 304 0.000000 14.013333 16.964001 6 0 4 -1.000000 -1.000000 -1.000000 -1.000000 -1.000000 -1.000000 38 32 105 46 
76 1 0 304 765.000000 8.416000 16.964001 1 0 5 5.046695 1.558523 5.046695 5.046695 5.046695 5.046695 38 32 105 46 43 
77 1 0 144 0.000000 438.861328 34.127998 10 0 3 1000.000000 2.278624 -1.000000 -1.000000 -1.000000 -1.000000 8 10 7 
78 1 0 144 350.000000 463.761322 34.127998 9 0 3 7.850758 7.850758 7.850758 7.850758 7.850758 7.850758 8 10 7 
79 1 0 144 0.000000 68.757339 12.228000 10 0 5 300.000000 4.363171 -1.000000 -1.000000 -1.000000 -1.000000 40 48 36 32 38 
80 1 0 144 0.000000 138.106659 34.127998 10 0 3 750.000000 5.430585 -1.000000 -1.000000 -1.000000 -1.000000 8 10 7 
81 1 0 144 1220.000000 180.082672 12.228000 1 0 5 8.109066 0.849970 6.414180 6.103836 6.103836 6.103836 38 32 36 48 40 
82 1 0 1 380.000000 13.741333 62.006664 14 0 1 1.753595 0.001000 4.505606 5.079489 5.079489 5.460583 90 
83 1 0 2 562.000000 17.524000 420.677338 15 0 1 0.477571 6.809186 1.528779 1.528779 1.528779 0.158436 5 
84 1 0 144 620.000000 47.264000 12.228000 1 0 5 19.535536 0.641912 5.991708 5.285925 5.285925 5.004735 38 32 36 48 40 
85 1 2 144 0.000000 100.776001 12.228000 4 6 5 9.331616 136.958221 -1.000000 -1.000000 0.000000 -1.000000 38 136 18 12 101 154 38 32 36 48 40 
86 1 0 144 0.000000 33.193336 12.228000 7 0 5 40.000000 -1.000000 -1.000000 -1.000000 -1.000000 -1.000000 38 32 36 48 40 
87 1 0 1 440.000000 25.748001 76.770668 14 0 1 3.945563 0.001000 4.399410 5.153427 5.153427 7.831988 169 
88 1 0 1 800.000000 12.962667 28.970667 14 0 2 0.001000 6.927091 4.613071 5.074694 5.074694 0.294422 183 90 
89 1 0 2 350.000000 15.467999 86.826668 15 0 1 0.082822 0.014390 1.224808 1.525234 1.525234 1.377163 20 
90 1 2 144 0.000000 62.006664 12.228000 4 7 7 4.328550 54.147636 -0.999500 -1.000000 0.000000 -1.000000 40 118 125 82 88 171 71 43 8 40 48 38 32 36 
91 1 0 2 500.000000 39.397331 420.677338 15 0 1 1.577145 0.899457 1.566495 1.566495 1.566495 1.224112 5 
92 1 0 1 600.000000 40.033333 359.600006 14 0 1 3.999087 4.205682 5.439186 5.241398 5.241398 4.643779 28 
93 1 0 144 430.000000 8.949333 12.228000 1 0 6 4.607102 0.001000 6.077260 4.636109 5.049979 4.940316 38 32 36 48 40 43 
94 1 0 144 0.000000 1.549333 12.228000 12 0 8 0.956730 -1.000000 -1.000000 -1.000000 -1.000000 -0.832333 43 40 58 50 48 36 32 38 
95 1 0 1 950.000000 129.535995 359.600006 14 0 1 11.701863 1.721918 6.661353 5.792564 5.792564 5.848120 28 
96 1 0 1 950.000000 35.520000 359.600006 14 0 1 2.716230 0.001000 6.401682 5.213604 5.213604 5.653671 28 
97 1 0 1 365.000000 81.740005 364.036011 14 0 1 8.976324 1.205884 7.428716 5.498231 5.498231 6.622625 13 
98 1 0 1 1215.000000 94.394669 359.600006 19 0 1 5.576160 1.661325 5.576160 5.576160 5.576160 5.576160 28 
99 1 0 144 0.000000 5.694667 12.228000 11 0 9 0.001000 -1.000000 -1.000000 -1.000000 -1.000000 -1.000000 43 40 58 50 48 183 36 32 38 
100 1 0 144 0.000000 42.394665 34.127998 3 0 3 -1.000000 -1.000000 -1.000000 -1.000000 -1.000000 -1.000000 8 10 7 
101 1 0 4 660.000000 20.062666 100.776001 16 0 2 3.581213 0.001000 4.417797 5.118416 5.118416 5.171045 85 66 
102 1 0 144 0.000000 0.833333 6.674666 0 0 1 -1.000000 -1.000000 -1.000000 -1.000000 -1.000000 -1.000000 106 
103 1 0 144 0.000000 2.833333 28.970667 0 0 2 -1.000000 -1.000000 -1.000000 -1.000000 -1.000000 -1.000000 183 47 
104 1 0 144 0.000000 3.666667 6.674666 0 0 1 -1.000000 -1.000000 -1.000000 -1.000000 -1.000000 -1.000000 106 
105 1 7 40 0.000000 26.266666 445.827972 28 20 1 -1.000000 -1.000000 -1.000000 -1.000000 -1.000000 -1.000000 156 163 152 176 66 57 75 144 72 65 157 76 46 117 352 126 150 32 44 17 25 
106 1 0 1 200.000000 6.674666 76.770668 28 4 1 5.035972 5.035972 5.035972 5.035972 5.035972 -1.000000 102 104 54 57 169 
107 1 0 144 0.000000 61.599998 34.127998 12 0 3 0.019967 -1.000000 -1.000000 -1.000000 -1.000000 -1.000000 8 10 7 
108 1 0 144 0.000000 67.818665 34.127998 11 0 3 0.004000 -1.000000 -1.000000 -1.000000 -1.000000 -1.000000 8 10 7 
109 1 0 40 1550.000000 277.872009 445.827972 20 0 1 6.706033 1.977689 6.706033 6.706033 6.706033 6.706033 25 
110 1 0 144 0.000000 31.213333 12.228000 3 0 7 -1.000000 -1.000000 -1.000000 -1.000000 -1.000000 -1.000000 43 40 50 48 36 32 38 
111 1 0 144 0.000000 23.728001 12.228000 0 0 6 -1.000000 -1.000000 -1.000000 -1.000000 -1.000000 -1.000000 183 38 32 36 48 40 
112 1 0 144 730.000000 62.596001 28.970667 1 0 4 10.912670 1.142682 5.380341 5.380341 5.380341 5.380341 8 10 183 7 
113 1 0 2 0.000000 4.966666 86.826668 23 0 1 -1.000000 -1.000000 -1.000000 -1.000000 -1.000000 -1.000000 20 
114 1 0 1 305.000000 21.261333 76.770668 14 0 2 1.193578 0.681876 5.371378 5.125798 5.125798 3.115016 176 169 
115 1 2 304 0.000000 292.601349 28.340000 4 6 4 3.099386 103.005623 -1.000000 -1.000000 0.000000 -1.000000 47 134 135 132 127 129 7 47 9 46 
116 1 0 2 1280.000000 37.065331 420.677338 15 0 1 2.666626 0.956714 1.562474 1.562474 1.562474 3.773367 5 
117 1 0 40 760.000000 11.313334 26.266666 25 0 2 5.064537 5.064537 5.064537 5.064537 5.064537 5.064537 105 152 
118 1 0 1 180.000000 5.696000 28.970667 14 0 2 2.554680 0.001000 3.762543 5.029945 5.029945 1.625698 183 90 
119 1 0 144 0.000000 6.200000 12.228000 6 0 6 -1.000000 -1.000000 -1.000000 -1.000000 -1.000000 -0.977778 38 32 36 48 40 43 
120 2 0 1 1450.000000 555.933350 862.832031 19 0 1 8.418363 2.457142 8.418363 8.418363 8.418363 8.418363 248 
121 1 0 1 475.000000 442.081360 812.320007 14 0 1 16.583424 5.263720 7.717250 7.717250 7.717250 8.278464 137 
122 1 8 72 0.000000 68.214668 445.827972 0 0 1 -1.000000 -1.000000 -1.000000 -1.000000 -1.000000 -1.000000 25 
123 1 8 1 0.000000 53.958668 364.036011 0 0 1 -1.000000 -1.000000 -1.000000 -1.000000 -1.000000 -1.000000 13 
124 1 0 144 765.000000 9.024000 12.228000 1 0 6 0.001000 5.444606 4.847108 4.668279 5.050439 4.228320 38 32 36 48 40 43 
125 1 0 1 475.000000 10.958667 62.006664 14 0 1 2.020598 0.596332 3.995699 5.062353 5.062353 2.681117 90 
126 1 0 40 650.000000 91.849335 26.266666 17 0 2 5.560486 1.656936 5.560486 6.389456 5.560486 5.560486 105 152 
127 1 0 2 420.000000 33.765331 292.601349 15 0 1 1.556784 1.556784 1.556784 1.556784 1.556784 1.556784 115 
128 1 0 1 600.000000 16.702667 76.770668 14 0 1 1.479554 1.176311 4.283088 5.097725 5.097725 5.187436 169 
129 1 0 2 1280.000000 31.558666 292.601349 15 0 1 1.552979 1.552979 1.552979 1.552979 1.552979 1.552979 115 
130 1 0 1 72000.000000 261.033356 364.036011 27 0 1 6.602338 6.602338 6.602338 6.602338 6.602338 6.602338 13 
131 1 0 144 0.000000 97.418663 34.127998 0 0 3 -1.000000 -1.000000 -1.000000 -1.000000 -1.000000 -1.000000 8 10 7 
132 1 0 2 510.000000 43.125332 292.601349 15 0 1 1.572923 1.572923 1.572923 1.572923 1.572923 1.572923 115 
133 1 0 1 0.000000 21.088001 359.600006 0 0 1 -1.000000 -1.000000 -1.000000 -1.000000 -1.000000 -1.000000 28 
134 1 0 2 0.000000 24.065334 292.601349 0 0 1 -1.000000 -1.000000 -1.000000 -1.000000 -1.000000 -1.000000 115 
135 1 0 2 550.000000 12.898666 292.601349 15 0 1 1.520804 1.520804 1.520804 1.520804 1.520804 1.520804 115 
136 1 0 4 230.000000 10.492000 100.776001 24 0 2 5.059479 5.059479 5.059479 5.059479 5.059479 5.059479 85 66 
137 1 2 144 0.000000 812.320007 34.445335 4 4 1 19.607124 387.299316 -1.000000 -1.000000 0.000000 -1.000000 30 121 357 138 8 
138 1 0 1 1425.000000 384.985321 812.320007 19 0 1 7.365647 2.162381 7.365647 7.365647 7.365647 7.365647 137 
139 1 0 144 72000.000000 874.857300 34.127998 8 0 3 10.382329 10.382329 10.382329 10.382329 10.382329 10.382329 8 10 7 
140 1 0 40 800.000000 15.670667 445.827972 26 0 1 5.091370 5.091370 5.091370 5.091370 5.091370 5.091370 25 
141 2 0 2 0.000000 42.521332 416.685364 0 0 1 -1.000000 -1.000000 -1.000000 -1.000000 -1.000000 -1.000000 185 
142 1 0 1 900.000000 73.136002 364.036011 14 0 1 6.131321 0.203050 5.792256 5.445247 5.445247 6.797507 13 
143 1 0 144 0.000000 14.500000 12.228000 10 0 9 20.012947 1.379310 -1.000000 -1.000000 -1.000000 -1.000000 43 40 58 50 48 183 36 32 38 
144 1 0 336 0.000000 2.537333 16.964001 6 0 5 -1.000000 -1.000000 -1.000000 -1.000000 -1.000000 -1.000000 38 32 105 46 43 
145 1 0 1 220.000000 20.826666 364.036011 14 0 1 0.365544 1.053157 5.123121 5.123121 5.123121 1.444591 13 
146 1 0 1 550.000000 43.099998 364.036011 14 0 1 5.187823 0.885622 5.719413 5.260283 5.260283 5.138574 13 
147 1 0 1 0.000000 23.758667 92.858665 22 0 2 -1.000000 -1.000000 -1.000000 -1.000000 -1.000000 -1.000000 13 176 
148 1 0 1 220.000000 25.840000 359.600006 14 0 1 3.179812 0.635597 5.153994 5.153994 5.153994 4.006579 28 
149 1 0 1 350.000000 22.427999 28.970667 14 0 2 2.377325 0.127902 4.446117 5.132982 5.132982 3.891979 183 169 
150 1 0 72 500.000000 70.065331 26.266666 18 0 3 5.426338 1.619375 5.426338 6.670684 5.886848 5.426338 176 105 152 
151 1 0 72 600.000000 117.441330 445.827972 18 0 1 5.718084 1.701064 5.718084 5.718084 5.718084 5.718084 25 
152 1 2 304 0.000000 62.533333 12.228000 4 6 10 5.821776 37.381046 -1.000000 -1.000000 0.000000 -1.000000 46 150 117 352 126 158 47 46 9 38 32 105 36 48 40 43 
153 1 0 144 0.000000 84.769333 34.127998 0 0 3 -1.000000 -1.000000 -1.000000 -1.000000 -1.000000 -1.000000 8 10 7 
154 1 0 4 400.000000 77.084000 100.776001 16 0 2 2.879297 1.488532 5.469559 5.469559 5.469559 4.876203 85 66 
155 1 0 2 1280.000000 18.994667 86.826668 15 0 1 0.001000 0.001000 1.724759 1.531315 1.531315 3.324588 20 
156 1 0 304 0.000000 8.749333 16.964001 10 0 6 30.000000 3.428833 -1.000000 -1.000000 -1.000000 -1.000000 43 50 46 38 32 105 
157 1 0 304 550.000000 32.944000 16.964001 1 0 5 5.197741 1.442961 5.197741 5.384747 5.197741 5.197741 38 32 105 46 43 
158 1 0 40 0.000000 98.085335 62.533333 0 0 1 -1.000000 -1.000000 -1.000000 -1.000000 -1.000000 -1.000000 152 
159 1 0 144 0.000000 90.758667 34.127998 3 0 4 -0.999500 -1.000000 -1.000000 -1.000000 -1.000000 -1.000000 8 10 9 7 
160 1 0 144 0.000000 84.490669 34.127998 3 0 4 -1.000000 -1.000000 -1.000000 -1.000000 -1.000000 -1.000000 8 10 9 7 
161 1 0 336 0.000000 31.660000 16.964001 3 0 5 -1.000000 -1.000000 -1.000000 -1.000000 -1.000000 -1.000000 43 50 46 38 32 
162 1 0 336 0.000000 524.705322 33.162666 10 0 2 1200.000000 2.286998 -1.000000 -1.000000 -1.000000 -1.000000 47 9 
163 1 0 336 0.000000 6.398667 16.964001 11 0 6 0.001000 -1.000000 -1.000000 -1.000000 -1.000000 -1.000000 43 50 46 38 32 105 
164 1 0 336 0.000000 72.318665 33.162666 11 0 2 0.004000 -1.000000 -1.000000 -1.000000 -1.000000 -1.000000 47 9 
165 1 0 336 0.000000 70.102669 33.162666 12 0 2 0.021631 -1.000000 -1.000000 -1.000000 -1.000000 -1.000000 47 9 
166 1 0 336 0.000000 37.673332 16.964001 3 0 5 -1.000000 -1.000000 -1.000000 -1.000000 -1.000000 -1.000000 43 50 46 38 32 
167 1 0 1 0.000000 13.397333 364.036011 0 0 1 -1.000000 -1.000000 -1.000000 -1.000000 -1.000000 -1.000000 13 
168 1 0 144 0.000000 35.234669 28.970667 7 0 4 125.000000 -1.000000 -1.000000 -1.000000 -1.000000 -1.000000 8 10 183 7 
169 1 2 144 0.000000 76.770668 12.228000 4 10 8 4.648316 54.636364 -1.000000 -1.000000 0.000000 -1.000000 48 32 106 61 70 114 149 366 87 128 40 10 183 48 38 32 36 43 
170 1 0 144 5750.000000 4060.525391 34.127998 2 0 3 41.605255 5750.000000 30.000000 30.000000 30.000000 30.000000 8 10 7 
171 1 0 1 330.000000 28.725332 62.006664 14 0 1 2.851391 0.507172 5.098146 5.171762 5.171762 4.850272 90 
172 1 0 144 0.000000 3.716000 12.228000 0 0 8 -1.000000 -1.000000 -1.000000 -1.000000 -1.000000 -1.000000 43 40 58 50 48 36 32 38 
173 1 0 1 800.000000 53.846668 359.600006 14 0 1 2.154885 5.440606 5.102647 5.326462 5.326462 5.034864 28 
174 1 0 1 280.000000 40.457333 28.970667 14 0 2 6.220686 0.489094 5.244009 5.244009 5.244009 3.977950 13 183 
175 1 0 40 1450.000000 3530.074707 445.827972 20 0 1 26.733431 7.585361 26.733431 26.733431 26.733431 26.733431 25 
176 1 2 336 0.000000 92.858665 16.964001 4 5 5 6.598794 95.141655 -1.000000 -1.000000 0.000000 -1.000000 32 114 44 147 150 9 38 32 105 46 
177 1 0 2 420.000000 146.286667 420.677338 15 0 1 6.451135 1.088510 1.750801 1.750801 1.750801 2.515682 5 
178 2 0 2 220.000000 7.000000 84.786667 15 0 1 0.001000 0.001000 0.194293 1.510633 1.510633 0.190656 195 
179 2 0 144 0.000000 1091.673340 52.549335 10 0 1 3000.000000 2.748075 -1.000000 -1.000000 -1.000000 -1.000000 189 
180 2 0 144 32000.000000 168.532013 34.865334 8 0 3 6.032706 6.032706 6.032706 6.032706 6.032706 6.032706 187 189 186 
181 2 0 144 0.000000 174.757339 34.865334 10 0 3 1250.000000 7.152775 -1.000000 -1.000000 -1.000000 -1.000000 187 189 186 
182 2 0 1 425.000000 76.520004 360.571991 14 0 1 0.580768 1.630504 5.466086 5.466086 5.466086 4.894364 193 
183 1 7 1 0.000000 28.970667 359.600006 28 21 1 -1.000000 -1.000000 -1.000000 -1.000000 -1.000000 -1.000000 143 99 169 111 57 168 74 21 103 364 112 14 360 69 53 48 118 149 88 174 67 28 
184 2 0 1 850.000000 68.552002 360.571991 14 0 1 0.048965 5.217978 5.417018 5.417018 5.417018 4.945349 193 
185 2 2 144 0.000000 416.685364 17.106667 4 8 3 4.338176 105.622406 -1.000000 -1.000000 0.000000 -1.000000 186 196 259 328 342 204 141 217 209 219 186 
186 2 5 2 0.000000 34.865334 416.685364 28 30 1 -1.000000 -1.000000 -1.000000 -1.000000 -1.000000 -1.000000 247 290 181 206 282 272 281 273 333 334 197 310 244 200 323 302 250 180 330 344 224 240 361 331 241 311 260 208 195 185 185 
187 2 5 1 0.000000 37.689335 360.571991 28 30 1 -1.000000 -1.000000 -1.000000 -1.000000 -1.000000 -1.000000 247 248 181 206 282 272 281 273 333 334 197 310 244 200 323 302 250 180 330 344 224 240 361 331 241 311 260 208 264 193 193 
188 2 5 72 0.000000 79.547997 434.472015 28 13 1 -1.000000 -1.000000 -1.000000 -1.000000 -1.000000 -1.000000 336 338 339 333 334 234 290 322 201 351 199 226 202 201 
189 2 5 1 0.000000 52.549335 355.539978 28 30 1 -1.000000 -1.000000 -1.000000 -1.000000 -1.000000 -1.000000 247 179 181 206 282 272 281 273 333 334 197 310 244 200 323 302 250 180 330 344 224 240 361 331 241 311 260 208 346 203 203 
190 2 0 144 0.000000 37.284000 13.462667 10 0 5 75.000000 2.011587 -1.000000 -1.000000 -1.000000 -1.000000 213 221 209 286 212 
191 2 0 4 800.000000 29.630667 107.319992 16 0 2 1.227720 2.381829 4.945627 5.177337 5.177337 4.533181 238 256 
192 2 0 1 240.000000 4.501333 23.977333 14 0 2 0.314217 0.001000 1.784681 5.022588 5.022588 0.313943 233 264 
193 2 2 144 0.000000 360.571991 13.462667 4 17 2 7.616366 134.798706 -1.000000 -1.000000 0.000000 -1.000000 187 233 288 182 293 194 210 321 324 283 257 184 299 313 222 345 317 213 187 
194 2 0 1 400.000000 42.413334 29.302668 14 0 2 3.304312 1.512226 5.756132 5.256054 5.256054 5.613935 193 279 
195 2 2 144 0.000000 84.786667 13.462667 4 6 8 1.620877 54.674431 -1.000000 -1.000000 0.000000 -1.000000 209 239 343 308 341 178 221 219 286 212 186 209 213 214 
196 2 0 2 410.000000 44.081333 416.685364 15 0 1 4.321448 0.031852 2.920693 1.574571 1.574571 3.489588 185 
197 2 0 144 0.000000 76.093338 23.977333 6 0 4 -1.000000 -1.000000 -1.000000 -1.000000 -1.000000 -1.000000 187 233 189 186 
198 2 0 40 840.000000 155.294662 434.472015 17 0 1 5.951189 1.766333 5.951189 5.951189 5.951189 5.951189 201 
199 2 0 336 0.000000 18.209333 36.662666 6 0 2 -1.000000 -1.000000 -1.000000 -1.000000 -1.000000 -1.000000 188 219 
200 2 0 144 0.000000 68.289330 34.865334 5 0 3 -1.000000 -1.000000 -1.000000 -1.000000 -1.000000 -1.000000 187 189 186 
201 2 2 304 0.000000 434.472015 29.166666 4 12 3 12.508343 109.972252 -1.000000 -1.000000 0.000000 -1.000000 188 279 297 309 318 198 216 205 284 207 211 312 218 188 219 
202 2 0 304 890.000000 281.085327 36.662666 1 0 2 6.725821 1.983230 6.725821 6.725821 6.725821 6.725821 188 219 
203 2 2 144 0.000000 355.539978 16.038668 4 13 2 8.805564 165.367462 -1.000000 -1.000000 0.000000 -1.000000 189 303 296 289 253 367 355 269 348 368 305 267 230 221 189 
204 2 0 2 0.000000 27.332001 416.685364 23 0 1 -1.000000 -1.000000 -1.000000 -1.000000 -1.000000 -1.000000 185 
205 2 0 40 1120.000000 569.654663 434.472015 17 0 1 8.502860 2.480801 8.502860 8.502860 8.502860 8.502860 201 
206 2 0 144 1650.000000 338.137329 34.865334 10 0 3 450.000000 1.330820 7.077152 7.077152 7.077152 7.077152 187 189 186 
207 2 0 40 1450.000000 3794.928223 434.472015 20 0 1 28.364426 8.042039 28.364426 28.364426 28.364426 28.364426 201 
208 2 0 144 6100.000000 3887.871826 34.865334 2 0 3 39.878719 6100.000000 28.936781 28.936781 28.936781 28.936781 187 189 186 
209 2 5 2 0.000000 17.106667 84.786667 28 29 1 -1.000000 -1.000000 -1.000000 -1.000000 -1.000000 -1.000000 315 190 349 252 285 228 271 231 268 185 264 346 195 322 256 287 232 294 225 270 266 354 255 292 298 356 227 223 261 195 
210 2 0 1 275.000000 63.829334 23.977333 14 0 2 8.382873 1.608622 5.859238 5.387936 5.387936 5.920058 233 193 
211 2 0 40 72000.000000 257.519989 434.472015 27 0 1 6.580703 6.580703 6.580703 6.580703 6.580703 6.580703 201 
212 2 5 4 0.000000 19.094667 107.319992 28 41 2 -1.000000 -1.000000 -1.000000 -1.000000 -1.000000 -1.000000 315 190 349 252 285 228 271 231 268 238 264 346 195 322 256 287 232 294 225 270 266 354 255 292 298 356 227 223 261 327 337 243 340 335 351 316 236 245 237 246 329 256 238 
213 2 5 1 0.000000 13.462667 23.977333 28 29 2 -1.000000 -1.000000 -1.000000 -1.000000 -1.000000 -1.000000 315 190 349 252 285 228 271 231 268 193 264 346 195 322 256 287 232 294 225 270 266 354 255 292 298 356 227 223 261 264 233 
214 2 21 1 300.000000 253.333328 0.000000 13 25 0 6.554921 6.554921 6.554921 6.554921 6.554921 -1.000000 315 327 349 285 228 340 335 271 337 268 243 264 346 195 322 232 294 316 225 236 266 329 298 246 223 
215 2 0 1 800.000000 13.067999 23.977333 14 0 2 0.001000 5.385357 4.606611 5.075342 5.075342 1.844379 233 264 
216 2 0 40 785.000000 140.801331 434.472015 17 0 1 5.861938 1.741342 5.861938 5.861938 5.861938 5.861938 201 
217 2 0 2 575.000000 566.583984 416.685364 15 0 1 7.524325 2.213286 2.698891 2.475506 2.475506 4.141759 185 
218 2 5 40 0.000000 29.166666 29.302668 28 18 2 -1.000000 -1.000000 -1.000000 -1.000000 -1.000000 -1.000000 327 337 243 232 340 335 322 201 238 351 316 245 236 223 246 237 329 290 322 279 
219 2 5 2 0.000000 36.662666 301.761322 28 13 1 -1.000000 -1.000000 -1.000000 -1.000000 -1.000000 -1.000000 336 338 339 234 195 185 290 322 201 199 226 202 276 290 
220 2 0 2 430.000000 41.195999 301.761322 15 0 1 1.569596 1.569596 1.569596 1.569596 1.569596 1.569596 290 
221 2 5 1 0.000000 16.038668 74.662666 28 29 1 -1.000000 -1.000000 -1.000000 -1.000000 -1.000000 -1.000000 315 190 349 252 285 228 271 231 268 203 264 346 195 322 256 287 232 294 225 270 266 354 255 292 298 356 227 223 261 346 
222 2 5 1 300.000000 86.613327 360.571991 28 11 1 5.528242 5.528242 5.528242 5.528242 5.528242 -1.000000 315 327 349 285 228 340 335 271 337 268 243 193 
223 2 0 144 580.000000 31.120001 13.462667 1 0 8 0.437420 1.223616 5.186508 5.186508 5.186508 5.186508 233 212 286 218 209 221 213 214 
224 2 0 144 950.000000 277.932007 34.865334 1 0 3 22.585468 2.610481 6.706402 6.706402 6.706402 6.706402 187 189 186 
225 2 0 144 0.000000 1.200000 7.322667 0 0 7 -1.000000 -1.000000 -1.000000 -1.000000 -1.000000 -1.000000 212 286 209 221 280 213 214 
226 2 0 304 775.000000 114.858665 36.662666 1 0 2 5.702180 1.696610 5.702180 5.702180 5.702180 5.702180 188 219 
227 2 0 144 1200.000000 86.430664 13.462667 1 0 5 4.728957 3.319633 5.230344 5.527117 5.527117 5.527117 212 286 209 221 213 
228 2 0 144 0.000000 18.812000 13.462667 3 0 7 -1.000000 -1.000000 -1.000000 -1.000000 -1.000000 -0.998000 214 213 222 221 209 286 212 
229 2 0 40 320.000000 39.249336 29.302668 17 0 2 5.236570 2.136245 5.236570 4.082862 3.992224 5.469055 279 322 
230 2 0 1 800.000000 12.342667 355.539978 26 0 1 5.070876 5.070876 5.070876 5.070876 5.070876 5.070876 203 
231 2 0 144 435.000000 21.818666 13.462667 11 0 5 67.234047 5.497685 9.144540 5.129230 5.129230 5.853974 213 221 209 286 212 
232 2 0 144 0.000000 4.066667 7.322667 0 0 10 -1.000000 -1.000000 -1.000000 -1.000000 -1.000000 -1.000000 233 218 212 286 279 209 221 280 213 214 
233 2 7 1 0.000000 23.977333 360.571991 28 21 1 -1.000000 -1.000000 -1.000000 -1.000000 -1.000000 -1.000000 315 271 264 287 232 310 244 197 276 354 344 330 356 240 223 213 192 295 215 293 210 193 
234 2 0 304 0.000000 337.239990 36.662666 0 0 2 -1.000000 -1.000000 -1.000000 -1.000000 -1.000000 -1.000000 219 188 
235 2 0 1 180.000000 2.741333 74.662666 22 0 1 5.011750 5.011750 5.011750 5.011750 5.011750 5.011750 346 
236 2 0 304 0.000000 2.840000 19.094667 0 0 4 -1.000000 -1.000000 -1.000000 -1.000000 -1.000000 -1.000000 212 286 218 214 
237 2 0 304 750.000000 63.549335 19.094667 1 0 4 5.386211 1.608139 5.386211 5.386211 5.386211 5.386211 212 286 279 218 
238 2 2 304 0.000000 116.776001 19.094667 4 7 3 9.281113 148.422867 -1.000000 -1.000000 0.000000 -1.000000 212 307 314 191 274 325 359 212 279 218 
239 2 0 2 0.000000 4.425333 84.786667 23 0 1 -1.000000 -1.000000 -1.000000 -1.000000 -1.000000 -1.000000 195 
240 2 0 144 775.000000 104.526657 23.977333 1 0 4 5.638554 1.678795 5.638554 5.638554 5.638554 5.638554 187 233 189 186 
241 2 0 144 72000.000000 236.561325 34.865334 8 0 3 6.451637 6.451637 6.451637 6.451637 6.451637 6.451637 187 189 186 
242 2 0 144 0.000000 4.500000 29.302668 0 0 1 -1.000000 -1.000000 -1.000000 -1.000000 -1.000000 -1.000000 279 
243 2 0 304 0.000000 3.473333 19.094667 12 0 5 0.018033 -1.000000 -1.000000 -1.000000 -1.000000 -1.000000 214 222 218 212 286 
244 2 0 144 0.000000 3.116000 23.977333 0 0 4 -1.000000 -1.000000 -1.000000 -1.000000 -1.000000 -1.000000 187 233 189 186 
245 2 0 304 0.000000 13.705333 19.094667 6 0 4 -1.000000 -1.000000 -1.000000 -1.000000 -1.000000 -1.000000 212 286 279 218 
246 2 0 304 765.000000 8.605333 19.094667 1 0 5 5.047861 1.513401 5.047861 5.047861 5.047861 5.047861 212 286 279 218 214 
247 2 0 144 0.000000 490.689362 34.865334 10 0 3 1100.001831 2.241744 -1.000000 -1.000000 -1.000000 -1.000000 187 189 186 
248 2 2 144 0.000000 862.832031 37.689335 4 5 1 26.661610 560.252747 -1.000000 -1.000000 0.000000 -1.000000 263 262 353 362 120 187 
249 2 0 1 305.000000 23.854666 74.662666 14 0 2 1.681201 0.859737 5.731837 5.141768 5.141768 3.928246 351 346 
250 2 0 144 350.000000 487.079987 34.865334 9 0 3 7.994357 7.994357 7.994357 7.994357 7.994357 7.994357 187 189 186 
251 2 0 1 230.000000 13.189334 74.662666 14 0 1 1.640431 0.222805 4.470096 5.076089 5.076089 1.729334 346 
252 2 0 144 0.000000 67.000000 13.462667 10 0 5 300.000000 4.477612 -1.000000 -1.000000 -1.000000 -1.000000 213 221 209 286 212 
253 2 0 1 550.000000 133.222672 355.539978 14 0 1 19.229467 0.532783 7.137781 5.815267 5.815267 10.001164 203 
254 1 0 2 1280.000000 38.021332 420.677338 15 0 1 1.042719 1.022120 1.564122 1.564122 1.564122 1.019803 5 
255 2 0 144 620.000000 50.823997 13.462667 1 0 5 8.547863 2.023213 5.307847 5.307847 5.307847 5.307847 212 286 209 221 213 
256 2 2 144 0.000000 107.319992 13.462667 4 7 5 9.281113 148.422867 -1.000000 -1.000000 0.000000 -1.000000 212 307 314 191 274 325 359 286 212 209 221 213 
257 2 0 1 870.000000 63.342663 360.571991 14 0 1 2.226094 0.070918 5.384939 5.384939 5.384939 4.812408 193 
258 2 0 2 0.000000 24.094666 301.761322 0 0 1 -1.000000 -1.000000 -1.000000 -1.000000 -1.000000 -1.000000 290 
259 2 0 2 1280.000000 50.453331 416.685364 15 0 1 2.388148 1.149354 1.380528 1.585558 1.585558 5.624279 185 
260 2 0 144 6600.000000 516.160034 34.865334 2 0 3 6.456627 6600.000000 8.173435 8.173435 8.173435 8.173435 187 189 186 
261 2 0 144 0.000000 17.288000 13.462667 7 0 5 25.000000 -1.000000 -1.000000 -1.000000 -1.000000 -1.000000 212 286 209 221 213 
262 2 0 1 600.000000 202.352005 862.832031 14 0 1 15.713636 4.172947 6.928741 6.240973 6.240973 7.565331 248 
263 2 0 1 900.000000 3487.585205 862.832031 14 0 1 26.471775 7.512097 26.471775 26.471775 26.471775 26.471775 248 
264 2 2 144 0.000000 59.666668 13.462667 4 5 8 4.758862 54.125221 -1.000000 -1.000000 0.000000 -1.000000 213 192 319 326 215 214 187 233 213 221 286 212 209 
265 2 0 1 315.000000 24.182667 74.662666 14 0 1 6.352934 0.851622 6.854794 5.143787 5.143787 3.107184 346 
266 2 0 144 435.000000 9.269334 13.462667 1 0 6 7.675893 0.236398 6.191148 5.051950 5.051950 5.973652 212 286 209 221 213 214 
267 2 0 1 72000.000000 273.894684 355.539978 27 0 1 6.681540 6.681540 6.681540 6.681540 6.681540 6.681540 203 
268 2 0 144 0.000000 1.641333 13.462667 12 0 7 0.516393 -1.000000 -1.000000 -1.000000 -1.000000 -1.000000 214 213 222 221 209 286 212 
269 2 0 1 900.000000 25.306667 355.539978 14 0 1 3.642235 0.001000 7.187434 5.150709 5.150709 2.975112 203 
270 2 0 1 410.000000 29.182667 13.462667 0 0 5 5.174578 5.174578 5.174578 5.174578 5.174578 5.174578 212 286 209 221 213 
271 2 0 144 0.000000 5.785333 13.462667 11 0 8 0.001000 -1.000000 -1.000000 -1.000000 -1.000000 -1.000000 214 213 233 222 221 209 286 212 
272 2 0 144 650.000000 238.061325 34.865334 11 0 3 0.003500 6.460874 6.460874 6.460874 6.460874 6.460874 187 189 186 
273 2 0 144 0.000000 43.614666 34.865334 3 0 3 -1.000000 -1.000000 -1.000000 -1.000000 -1.000000 -1.000000 187 189 186 
274 2 0 4 650.000000 22.442667 107.319992 16 0 2 4.372675 1.859744 5.817704 5.133072 5.133072 3.926596 238 256 
275 2 0 144 0.000000 0.833333 7.322667 0 0 1 -1.000000 -1.000000 -1.000000 -1.000000 -1.000000 -1.000000 280 
276 2 0 144 0.000000 2.833333 23.977333 0 0 2 -1.000000 -1.000000 -1.000000 -1.000000 -1.000000 -1.000000 233 219 
277 2 0 144 0.000000 3.666667 7.322667 0 0 1 -1.000000 -1.000000 -1.000000 -1.000000 -1.000000 -1.000000 280 
278 2 0 1 600.000000 17.502666 74.662666 14 0 1 0.657324 3.993967 7.011920 5.102652 5.102652 4.428785 346 
279 2 7 40 0.000000 29.302668 434.472015 28 20 1 -1.000000 -1.000000 -1.000000 -1.000000 -1.000000 -1.000000 327 337 322 351 238 232 245 316 242 237 329 246 218 291 229 300 320 286 303 194 201 
280 2 0 1 200.000000 7.322667 74.662666 28 4 1 5.039962 5.039962 5.039962 5.039962 5.039962 -1.000000 275 277 225 232 346 
281 2 0 144 0.000000 60.337334 34.865334 12 0 3 0.019967 -1.000000 -1.000000 -1.000000 -1.000000 -1.000000 187 189 186 
282 2 0 144 0.000000 70.035995 34.865334 11 0 3 0.004000 -1.000000 -1.000000 -1.000000 -1.000000 -1.000000 187 189 186 
283 2 0 1 700.000000 20.953333 360.571991 14 0 1 3.094002 0.001000 6.285858 5.123901 5.123901 3.874139 193 
284 2 0 40 1550.000000 271.137329 434.472015 20 0 1 6.664559 1.966077 6.664559 6.664559 6.664559 6.664559 201 
285 2 0 144 0.000000 32.733334 13.462667 3 0 7 -1.000000 -1.000000 -1.000000 -1.000000 -1.000000 -1.000000 214 213 222 221 209 286 212 
286 2 5 1 0.000000 19.530666 29.302668 28 41 3 -1.000000 -1.000000 -1.000000 -1.000000 -1.000000 -1.000000 315 190 349 252 285 228 271 231 268 351 264 346 195 322 256 287 232 294 225 270 266 354 255 292 298 356 227 223 261 327 337 243 340 335 351 316 236 245 237 246 329 351 279 346 
287 2 0 144 0.000000 23.728001 13.462667 0 0 6 -1.000000 -1.000000 -1.000000 -1.000000 -1.000000 -1.000000 233 212 286 209 221 213 
288 2 8 1 0.000000 51.152000 360.571991 0 0 1 -1.000000 -1.000000 -1.000000 -1.000000 -1.000000 -1.000000 193 
289 2 0 1 575.000000 134.605331 98.746666 14 0 2 10.191216 1.598130 6.056744 5.823781 5.823781 8.306476 203 351 
290 2 2 304 0.000000 301.761322 29.166666 4 6 4 3.088745 101.648399 -1.000000 -1.000000 0.000000 -1.000000 219 258 306 304 220 301 186 219 188 218 
291 2 0 40 760.000000 10.722667 29.302668 25 0 2 5.060900 5.060900 5.060900 5.060900 5.060900 5.060900 279 322 
292 2 0 144 1245.000000 189.480011 13.462667 1 0 5 9.267287 0.960711 7.487513 6.161705 6.161705 6.161705 212 286 209 221 213 
293 2 0 1 230.000000 22.610666 23.977333 14 0 2 3.773388 0.272456 4.663650 5.134107 5.134107 4.837863 233 193 
294 2 0 144 0.000000 6.200000 13.462667 6 0 6 -1.000000 -1.000000 -1.000000 -1.000000 -1.000000 -0.861111 212 286 209 221 213 214 
295 2 0 1 350.000000 24.058666 23.977333 14 0 2 3.346398 0.001000 7.563351 5.143024 5.143024 8.237939 233 346 
296 2 0 1 440.000000 87.097336 355.539978 14 0 1 12.864126 0.605607 6.780587 5.531222 5.531222 7.838196 203 
297 2 8 72 0.000000 68.257339 434.472015 0 0 1 -1.000000 -1.000000 -1.000000 -1.000000 -1.000000 -1.000000 201 
298 2 0 144 765.000000 8.673334 13.462667 1 0 6 0.001000 5.208246 4.766163 5.048280 5.048280 5.230612 212 286 209 221 213 214 
299 2 0 1 0.000000 13.794665 360.571991 0 0 1 -1.000000 -1.000000 -1.000000 -1.000000 -1.000000 -1.000000 193 
300 2 0 40 685.000000 94.840004 29.302668 17 0 2 5.578903 1.662093 5.578903 5.578903 5.578903 5.578903 279 322 
301 2 0 2 1280.000000 33.781334 301.761322 15 0 1 1.556811 1.556811 1.556811 1.556811 1.556811 1.556811 290 
302 2 0 144 0.000000 99.617332 34.865334 0 0 3 -1.000000 -1.000000 -1.000000 -1.000000 -1.000000 -1.000000 187 189 186 
303 2 0 1 440.000000 61.017334 29.302668 14 0 3 5.555726 1.466792 5.555313 5.370619 5.370619 8.085176 203 351 279 
304 2 0 2 510.000000 42.446667 301.761322 15 0 1 1.571753 1.571753 1.571753 1.571753 1.571753 1.571753 290 
305 2 0 1 800.000000 56.949333 355.539978 14 0 1 0.645195 3.925726 5.345568 5.345568 5.345568 4.736474 203 
306 2 0 2 520.000000 11.144000 301.761322 15 0 1 1.517778 1.517778 1.517778 1.517778 1.517778 1.517778 290 
307 2 0 4 230.000000 9.018667 107.319992 24 0 2 5.050406 5.050406 5.050406 5.050406 5.050406 5.050406 238 256 
308 2 0 2 1280.000000 20.688000 84.786667 15 0 1 0.035123 0.155971 1.943050 1.534235 1.534235 2.996119 195 
309 2 0 72 600.000000 107.926674 434.472015 18 0 1 5.659492 1.684658 5.659492 5.659492 5.659492 5.659492 201 
310 2 0 144 0.000000 36.805336 23.977333 7 0 4 125.000000 -1.000000 -1.000000 -1.000000 -1.000000 -1.000000 187 233 189 186 
311 2 0 144 72000.000000 822.081360 34.865334 8 0 3 10.382224 10.057329 10.057329 10.057329 10.057329 10.057329 187 189 186 
312 2 0 40 800.000000 16.505333 434.472015 26 0 1 5.096510 5.096510 5.096510 5.096510 5.096510 5.096510 201 
313 2 0 1 0.000000 87.226669 360.571991 0 0 1 -1.000000 -1.000000 -1.000000 -1.000000 -1.000000 -1.000000 193 
314 2 0 4 320.000000 33.741333 107.319992 16 0 2 4.362259 1.093331 5.202651 5.202651 5.202651 5.258206 238 256 
315 2 0 144 0.000000 14.100000 13.462667 10 0 8 20.000000 1.418440 -1.000000 -1.000000 -1.000000 -0.972222 214 213 233 222 221 209 286 212 
316 2 0 336 0.000000 2.532000 19.094667 6 0 5 -1.000000 -1.000000 -1.000000 -1.000000 -1.000000 -1.000000 212 286 279 218 214 
317 2 0 1 0.000000 30.869333 360.571991 22 0 1 -1.000000 -1.000000 -1.000000 -1.000000 -1.000000 -1.000000 193 
318 2 0 72 920.000000 456.953308 434.472015 18 0 1 7.808833 2.286473 7.808833 7.808833 7.808833 7.808833 201 
319 2 0 1 475.000000 9.672000 59.666668 14 0 1 3.615840 0.556031 5.379445 5.054430 5.054430 5.632542 264 
320 2 0 72 500.000000 73.102669 29.302668 18 0 3 5.445042 1.624612 5.445042 5.445042 4.984532 5.102421 351 279 322 
321 2 0 1 550.000000 246.749344 360.571991 14 0 1 15.594686 1.924025 8.171471 6.514376 6.514376 6.514376 193 
322 2 2 304 0.000000 61.000000 13.462667 4 6 10 5.895639 38.340046 -1.000000 -1.000000 0.000000 -1.000000 218 320 291 229 300 332 219 218 188 286 212 279 209 221 213 214 
323 2 0 144 0.000000 84.310669 34.865334 0 0 3 -1.000000 -1.000000 -1.000000 -1.000000 -1.000000 -1.000000 187 189 186 
324 2 0 1 340.000000 97.306664 360.571991 14 0 1 7.188746 1.589136 5.594093 5.594093 5.594093 6.409664 193 
325 2 0 4 400.000000 75.054672 107.319992 16 0 2 3.843217 1.627977 5.457063 5.457063 5.457063 5.160962 238 256 
326 2 0 1 380.000000 16.247999 59.666668 14 0 1 1.426956 0.001000 5.636105 5.094925 5.094925 3.426053 264 
327 2 0 304 0.000000 8.656000 19.094667 10 0 6 30.000000 3.465804 -1.000000 -1.000000 -1.000000 -1.000000 214 222 218 212 286 279 
328 2 0 2 500.000000 40.850666 416.685364 15 0 1 1.462120 1.457388 1.569001 1.569001 1.569001 1.386134 185 
329 2 0 304 550.000000 34.344002 19.094667 1 0 5 5.206362 1.557781 5.206362 5.206362 5.206362 5.206362 212 286 279 218 214 
330 2 0 144 1335.000000 253.286667 23.977333 1 0 4 6.554634 1.935297 6.554634 6.554634 6.554634 6.554634 187 233 189 186 
331 2 0 144 3000.000000 180.156006 34.865334 8 0 3 6.104287 6.104287 6.104287 6.104287 6.104287 6.104287 187 189 186 
332 2 0 40 0.000000 95.081337 61.000000 0 0 1 -1.000000 -1.000000 -1.000000 -1.000000 -1.000000 -1.000000 322 
333 2 0 144 0.000000 92.375999 34.865334 3 0 4 -1.000000 -1.000000 -1.000000 -1.000000 -1.000000 -1.000000 187 189 188 186 
334 2 0 144 0.000000 84.866669 34.865334 3 0 4 -0.999500 -1.000000 -1.000000 -1.000000 -1.000000 -1.000000 187 189 188 186 
335 2 0 336 0.000000 31.386667 19.094667 3 0 5 -1.000000 -1.000000 -1.000000 -1.000000 -1.000000 -1.000000 214 222 218 212 286 
336 2 0 336 0.000000 537.971985 36.662666 10 0 2 1220.000000 2.267776 -1.000000 -1.000000 -1.000000 -1.000000 219 188 
337 2 0 336 0.000000 6.292000 19.094667 11 0 6 0.001000 -1.000000 -1.000000 -1.000000 -1.000000 -1.000000 214 222 218 212 286 279 
338 2 0 336 0.000000 98.034668 36.662666 11 0 2 0.004000 -1.000000 -1.000000 -1.000000 -1.000000 -1.000000 219 188 
339 2 0 336 0.000000 68.701332 36.662666 12 0 2 0.021631 -1.000000 -1.000000 -1.000000 -1.000000 -1.000000 219 188 
340 2 0 336 0.000000 37.030666 19.094667 3 0 5 -1.000000 -1.000000 -1.000000 -1.000000 -1.000000 -1.000000 214 222 218 212 286 
341 2 0 2 0.000000 8.696000 84.786667 0 0 1 -1.000000 -1.000000 -1.000000 -1.000000 -1.000000 -1.000000 195 
342 2 0 2 550.000000 14.397333 416.685364 15 0 1 0.986281 8.927876 0.923967 1.523388 1.523388 0.013163 185 
343 2 0 2 502.000000 10.314667 84.786667 15 0 1 0.201000 1.274531 0.342090 1.516348 1.516348 0.066389 195 
344 2 0 144 730.000000 67.293335 23.977333 1 0 4 10.897696 1.451767 5.409267 5.409267 5.409267 5.409267 187 233 189 186 
345 2 0 1 0.000000 11.010667 360.571991 0 0 1 -1.000000 -1.000000 -1.000000 -1.000000 -1.000000 -1.000000 193 
346 2 2 144 0.000000 74.662666 13.462667 4 10 7 4.657497 58.125313 -1.000000 -1.000000 0.000000 -1.000000 221 286 280 235 251 249 295 265 350 278 213 189 221 286 212 209 214 
347 0 0 1 0.000000 21.545334 0.000000 0 0 0 -1.000000 -1.000000 -1.000000 -1.000000 -1.000000 -1.000000 
348 2 0 1 1240.000000 91.059998 355.539978 19 0 1 5.555625 1.655575 5.555625 5.555625 5.555625 5.555625 203 
349 2 0 144 0.000000 4.417333 13.462667 0 0 7 -1.000000 -1.000000 -1.000000 -1.000000 -1.000000 -1.000000 214 213 222 221 209 286 212 
350 2 0 1 710.000000 18.858667 74.662666 19 0 1 5.111002 1.531080 5.111002 5.111002 5.111002 5.111002 346 
351 2 2 336 0.000000 98.746666 19.094667 4 6 6 8.911609 134.774567 -1.000000 -1.000000 0.000000 -1.000000 286 249 303 289 355 320 188 286 212 286 279 218 
352 1 0 40 320.000000 40.540001 26.266666 17 0 2 5.244518 1.568465 5.244518 5.569255 5.244518 5.288962 105 152 
353 2 0 1 590.000000 1445.386719 862.832031 14 0 1 13.895707 3.990798 13.895707 13.895707 13.895707 13.895707 248 
354 2 0 144 435.000000 20.455999 13.462667 1 0 6 8.863406 0.129065 6.617399 5.120838 5.120838 5.120838 233 212 286 209 221 213 
355 2 0 1 0.000000 146.413330 98.746666 0 0 2 -1.000000 -1.000000 -1.000000 -1.000000 -1.000000 -1.000000 203 351 
356 2 0 144 840.000000 49.183998 13.462667 1 0 6 3.876890 3.191328 5.297749 5.297749 5.297749 5.297749 233 212 286 209 221 213 
357 1 0 1 350.000000 117.045334 812.320007 14 0 1 8.492933 1.700381 5.715645 5.715645 5.715645 5.385287 137 
358 1 0 144 2400.000000 219.680008 34.127998 1 0 3 6.102493 6.374147 6.347680 6.347680 6.347680 6.347680 8 10 7 
359 2 0 4 275.000000 76.281334 107.319992 16 0 2 7.153395 2.090989 5.464616 5.464616 5.464616 5.907166 238 256 
360 1 0 144 840.000000 51.228004 12.228000 1 0 6 3.479960 3.587533 5.310336 5.310336 5.310336 5.310336 183 38 32 36 48 40 
361 2 0 144 2400.000000 253.080002 34.865334 1 0 3 3.666592 6.178594 6.553361 6.553361 6.553361 6.553361 187 189 186 
362 2 0 1 870.000000 173.365326 862.832031 14 0 1 11.942290 1.012209 6.313983 6.062469 6.062469 6.062469 248 
363 0 0 2 600.000000 17.524000 0.000000 0 0 0 5.102783 5.102783 5.102783 5.102783 5.102783 5.102783 
364 1 0 144 475.000000 19.511999 12.228000 1 0 6 9.878655 0.001000 4.856459 5.115025 5.115025 5.115025 183 38 32 36 48 40 
365 1 0 72 880.000000 407.869324 445.827972 18 0 1 7.506569 2.201839 7.506569 7.506569 7.506569 7.506569 25 
366 1 0 1 710.000000 16.888000 76.770668 19 0 1 5.098866 1.527683 5.098866 5.098866 5.098866 5.098866 169 
367 2 0 1 800.000000 121.501328 355.539978 14 0 1 14.914362 3.280083 7.216963 5.743086 5.743086 9.846373 203 
368 2 0 1 1275.000000 158.953339 355.539978 19 0 1 5.973719 1.772641 5.973719 5.973719 5.973719 5.973719 203 
0 
-1.000000 -1.000000 -1.000000 -1.000000 -1.000000 -1.000000 -1.000000 -1.000000 -1.000000 

18 14 19 26 39 53 64 65 69 76 81 84 93 112 124 157 358 360 364 
381.917328 8.416000 106.674294 203.402344 7.199219 60.532768 2400.000000 430.000000 917.222229 

2 34 170 
4060.525391 499.306641 2279.916016 2628.753906 332.753906 1480.753906 6200.000000 5750.000000 5975.000000 

7 56 100 110 159 160 161 166 
90.758667 18.022667 48.030479 79.652344 11.425781 39.324776 -1.000000 -1.000000 -1.000000 

13 5 13 20 25 28 66 85 90 115 137 152 169 176 
812.320007 62.006664 252.810074 191.812500 23.632813 68.116585 -1.000000 -1.000000 -1.000000 

1 24 
67.003998 67.003998 67.003998 74.570313 74.570313 74.570313 -1.000000 -1.000000 -1.000000 

4 21 75 119 144 
76.273331 2.537333 24.755999 46.093750 3.562500 15.123047 3500.000000 0.000000 1925.000000 

2 86 168 
35.234669 33.193336 34.214005 38.886719 35.468750 37.177734 760.000000 500.000000 630.000000 

4 2 15 55 139 
874.857300 168.474670 363.151672 697.082031 202.472656 395.713867 -1.000000 -1.000000 -1.000000 

1 78 
463.761322 463.761322 463.761322 281.972656 281.972656 281.972656 -1.000000 -1.000000 -1.000000 

10 1 3 11 41 77 79 80 143 156 162 
1087.053345 8.749333 302.361450 615.347656 8.546875 202.144928 3000.000000 0.000000 859.500000 

5 16 99 108 163 164 
72.318665 5.694667 34.181068 138.164063 7.031250 44.214062 0.004000 0.000900 0.002180 

4 73 94 107 165 
70.102669 1.549333 34.164665 191.265625 10.175781 87.409180 -1.000000 -1.000000 -1.000000 

1 43 
253.333328 253.333328 253.333328 292.968750 292.968750 292.968750 -1.000000 -1.000000 -1.000000 

28 4 30 35 44 62 67 70 82 87 88 92 95 96 97 114 118 121 125 128 142 145 146 148 149 171 173 174 357 
1626.365356 5.696000 120.037666 691.921875 5.546875 71.110352 950.000000 180.000000 519.821411 

15 33 49 52 68 83 89 91 116 127 129 132 135 155 177 254 
459.228027 10.382667 65.263557 330.812500 15.925781 71.528389 1280.000000 350.000000 690.799988 

5 12 17 18 101 154 
77.084000 20.062666 36.489067 79.457031 12.476563 27.796875 800.000000 320.000000 556.000000 

5 6 31 45 126 352 
545.741333 40.540001 194.010391 229.414063 25.488281 89.892967 1040.000000 320.000000 718.000000 

3 150 151 365 
407.869324 70.065331 198.458664 191.746094 38.648438 99.932289 880.000000 500.000000 660.000000 

3 98 138 366 
384.985321 16.888000 165.422668 395.382813 11.710938 156.000000 -1.000000 -1.000000 -1.000000 

2 109 175 
3530.074707 277.872009 1903.973389 1170.011719 87.175781 628.593750 -1.000000 -1.000000 -1.000000 

0 
-1.000000 -1.000000 -1.000000 -1.000000 -1.000000 -1.000000 -1.000000 -1.000000 -1.000000 

4 59 61 71 147 
23.758667 1.829333 12.429667 68.871094 3.082031 21.972656 -1.000000 -1.000000 -1.000000 

2 29 113 
27.249334 4.966666 16.108000 50.074219 10.097656 30.085938 -1.000000 -1.000000 -1.000000 

1 136 
10.492000 10.492000 10.492000 15.218750 15.218750 15.218750 -1.000000 -1.000000 -1.000000 

1 117 
11.313334 11.313334 11.313334 8.054688 8.054688 8.054688 -1.000000 -1.000000 -1.000000 

2 22 140 
15.670667 9.068000 12.369333 26.203125 19.285156 22.744141 -1.000000 -1.000000 -1.000000 

2 37 130 
261.033356 252.209320 256.621338 373.742188 333.570313 353.656250 -1.000000 -1.000000 -1.000000 

17 7 8 9 10 32 36 38 40 43 46 47 48 50 58 105 106 183 
253.333328 6.674666 44.955608 292.968750 13.488281 51.836395 300.000000 40.000000 146.176468 

25.500000 112.500000 29.333334 59.345360 

147.899994 370.799988 74.633331 273.700012 

62.099998 100.199997 13.033333 80.160004 

86.400002 100.199997 4.933332 90.480003 

79.500000 93.000000 4.833333 85.200005 

0.000000 0.000000 0.333333 0.000000 

0 
-1.000000 -1.000000 -1.000000 -1.000000 -1.000000 -1.000000 -1.000000 -1.000000 -1.000000 

18 202 223 224 226 227 237 240 246 255 266 292 298 329 330 344 354 356 361 
281.085327 8.605333 105.777695 215.921875 6.832031 61.775173 2400.000000 435.000000 891.111084 

2 208 260 
3887.871826 516.160034 2202.015869 2658.710938 364.207031 1511.458984 6600.000000 6100.000000 6350.000000 

7 228 273 285 333 334 335 340 
92.375999 18.812000 48.688572 80.171875 11.425781 39.858818 -1.000000 -1.000000 -1.000000 

13 185 193 195 201 203 238 248 256 264 290 322 346 351 
862.832031 59.666668 256.524719 210.378906 23.437500 70.423378 -1.000000 -1.000000 -1.000000 

1 200 
68.289330 68.289330 68.289330 71.542969 71.542969 71.542969 -1.000000 -1.000000 -1.000000 

5 197 199 245 294 316 
76.093338 2.532000 23.348000 46.718750 3.515625 17.090626 3500.000000 0.000000 1540.000000 

2 261 310 
36.805336 17.288000 27.046669 36.687500 17.878906 27.283203 700.000000 360.000000 530.000000 

4 180 241 311 331 
822.081360 168.532013 351.832672 707.980469 225.316406 404.590820 -1.000000 -1.000000 -1.000000 

1 250 
487.079987 487.079987 487.079987 297.738281 297.738281 297.738281 -1.000000 -1.000000 -1.000000 

9 179 181 190 206 247 252 315 327 336 
1091.673340 8.656000 306.696625 618.710938 8.179688 195.868057 3000.000000 0.000000 823.888916 

6 231 271 272 282 337 338 
238.061325 5.785333 73.337990 135.871094 7.320313 57.701172 0.004000 0.000900 0.002400 

4 243 268 281 339 
68.701332 1.641333 33.538334 174.308594 10.476563 79.335938 -1.000000 -1.000000 -1.000000 

1 214 
253.333328 253.333328 253.333328 292.968750 292.968750 292.968750 -1.000000 -1.000000 -1.000000 

29 182 184 192 194 210 215 249 251 253 257 262 263 265 269 278 283 289 293 295 296 303 305 319 321 324 326 353 362 367 
3487.585205 4.501333 233.687698 949.398438 4.996094 98.707169 900.000000 230.000000 544.827576 

12 178 196 217 220 259 301 304 306 308 328 342 343 
566.583984 7.000000 73.578102 329.019531 8.097656 71.454750 1280.000000 220.000000 671.416687 

5 191 274 314 325 359 
76.281334 22.442667 47.430134 76.511719 13.980469 33.996876 800.000000 275.000000 489.000000 

5 198 205 216 229 300 
569.654663 39.249336 199.968002 236.875000 26.015625 94.069534 1120.000000 320.000000 750.000000 

3 309 318 320 
456.953308 73.102669 212.660889 214.871094 38.003906 107.115883 920.000000 500.000000 673.333313 

4 120 348 350 368 
555.933350 18.858667 206.201324 494.226563 12.710938 165.130859 -1.000000 -1.000000 -1.000000 

2 207 284 
3794.928223 271.137329 2033.032715 1208.062500 86.429688 647.246094 -1.000000 -1.000000 -1.000000 

0 
-1.000000 -1.000000 -1.000000 -1.000000 -1.000000 -1.000000 -1.000000 -1.000000 -1.000000 

2 235 317 
30.869333 2.741333 16.805334 86.902344 4.312500 45.607422 -1.000000 -1.000000 -1.000000 

2 204 239 
27.332001 4.425333 15.878667 51.812500 8.421875 30.117188 -1.000000 -1.000000 -1.000000 

1 307 
9.018667 9.018667 9.018667 15.933594 15.933594 15.933594 -1.000000 -1.000000 -1.000000 

1 291 
10.722667 10.722667 10.722667 7.332031 7.332031 7.332031 -1.000000 -1.000000 -1.000000 

2 230 312 
16.505333 12.342667 14.424000 27.441406 25.015625 26.228516 -1.000000 -1.000000 -1.000000 

2 211 267 
273.894684 257.519989 265.707336 376.757813 333.089844 354.923828 -1.000000 -1.000000 -1.000000 

16 186 187 188 189 209 212 213 214 218 219 221 222 233 279 280 286 
253.333328 7.322667 47.266502 292.968750 13.871094 55.622803 300.000000 40.000000 147.812500 

16.500000 90.000000 24.833334 49.973278 

114.900002 396.600006 94.233337 273.324982 

44.400002 100.199997 18.933332 70.319992 

79.199997 96.599998 6.133334 85.139999 

77.699997 91.199997 4.833333 83.299995 

0.000000 0.000000 0.333333 0.000000 

