MOD_LEARN_0_80 
0.000000 25.000000 0.000000 0.000000 0.000000 
96.048035 25.000000 3.951963 0.000000 0.000000 
0.000000 25.000000 0.000000 0.000000 0.000000 
67.500000 25.000000 12.500000 12.500000 10.000000 
0.000000 25.000000 38.461540 38.461540 23.076923 
0.000000 25.000000 0.000000 0.000000 0.000000 
91.095879 25.000000 8.904123 0.000000 0.000000 
0.000000 25.000000 0.000000 0.000000 0.000000 
68.292686 25.000000 12.195122 12.195122 10.000000 
0.000000 25.000000 38.461540 38.461540 23.076923 
0.040572 0.400572 0.400572 0.360000 
0.000000 0.000000 0.000000 0.000000 
0.000000 0.002135 0.002599 0.005745 
0.000000 0.000000 0.000000 0.000000 
0.000000 0.000000 0.000000 0.000000 
0.000000 0.000000 0.000000 0.000000 
1 1 0 144 0.000000 996.386597 50.117332 10 0 1 3000.000000 3.010880 -1.000000 -1.000000 -1.000000 -1.000000 10 
2 1 0 144 32000.000000 81.807999 12.228000 8 0 5 5.498650 5.498650 5.498650 5.498650 5.498650 5.498650 38 32 36 48 40 
3 1 0 144 0.000000 185.136002 34.127998 10 0 3 1250.000000 6.751793 -1.000000 -1.000000 -1.000000 -1.000000 8 10 7 
4 1 0 1 875.000000 55.321331 291.247986 14 0 1 5.335543 1.593952 5.335543 5.335543 5.335543 5.335543 13 
5 1 2 144 0.000000 336.581329 16.260000 4 10 3 4.122823 116.168213 -1.000000 -1.000000 0.000000 -1.000000 7 33 118 92 83 29 52 179 256 49 36 47 7 
6 1 0 40 840.000000 158.543991 356.661316 17 0 1 5.971199 1.771936 5.971199 5.971199 5.971199 5.971199 25 
7 1 5 2 0.000000 34.127998 336.581329 28 30 1 -1.000000 -1.000000 -1.000000 -1.000000 -1.000000 -1.000000 77 41 117 3 80 110 109 102 161 162 21 170 74 24 155 133 78 14 114 19 69 361 55 15 141 34 172 51 20 5 5 
8 1 5 1 0.000000 34.445335 291.247986 28 30 1 -1.000000 -1.000000 -1.000000 -1.000000 -1.000000 -1.000000 77 41 139 3 80 110 109 102 161 162 21 170 74 24 155 133 78 14 114 19 69 361 55 15 141 34 172 51 91 13 13 
9 1 5 72 0.000000 79.590668 356.661316 28 13 1 -1.000000 -1.000000 -1.000000 -1.000000 -1.000000 -1.000000 164 166 167 161 162 60 117 154 25 178 23 64 26 25 
10 1 5 1 0.000000 50.117332 287.720001 28 30 1 -1.000000 -1.000000 -1.000000 -1.000000 -1.000000 -1.000000 77 41 1 3 80 110 109 102 161 162 21 170 74 24 155 133 78 14 114 19 69 361 55 15 141 34 172 51 171 28 28 
11 1 0 144 0.000000 40.599998 12.228000 10 0 5 75.000000 1.847291 -1.000000 -1.000000 -1.000000 -1.000000 40 48 36 32 38 
12 1 0 4 800.000000 27.349335 100.776001 16 0 2 4.771482 1.545721 5.163288 5.163288 5.163288 5.163288 85 66 
13 1 2 144 0.000000 291.247986 12.228000 4 17 2 7.068893 126.046776 -1.000000 -1.000000 0.000000 -1.000000 8 58 59 17 176 99 148 67 144 62 147 4 169 50 132 22 149 40 8 
14 1 0 144 1320.000000 256.627991 28.970667 1 0 4 6.575210 1.941059 6.575210 6.575210 6.575210 6.575210 8 10 185 7 
15 1 0 144 72000.000000 222.951996 34.127998 8 0 3 6.367829 6.367829 6.367829 6.367829 6.367829 6.367829 8 10 7 
16 1 0 144 0.000000 18.674667 12.228000 11 0 5 0.000900 -1.000000 -1.000000 -1.000000 -1.000000 -1.000000 40 48 36 32 38 
17 1 0 4 600.000000 27.790668 26.266666 16 0 2 5.166006 1.546482 5.166006 5.166006 5.166006 5.166006 13 107 
18 1 0 4 320.000000 30.158667 100.776001 16 0 2 3.968951 1.550565 5.180588 5.180588 5.180588 5.180588 85 66 
19 1 0 144 1400.000000 381.917328 34.127998 1 0 3 7.346754 2.157091 7.346754 7.346754 7.346754 7.346754 8 10 7 
20 1 2 144 0.000000 86.826668 12.228000 4 6 8 1.524965 48.122753 -1.000000 -1.000000 0.000000 -1.000000 36 115 68 157 27 90 48 47 38 32 7 36 40 43 
21 1 0 144 0.000000 76.273331 28.970667 6 0 4 -1.000000 -1.000000 -1.000000 -1.000000 -1.000000 2.236068 8 10 185 7 
22 1 0 1 800.000000 9.068000 291.247986 26 0 1 5.050710 5.050710 5.050710 5.050710 5.050710 5.050710 13 
23 1 0 336 0.000000 19.591999 33.162666 0 0 2 -1.000000 -1.000000 -1.000000 -1.000000 -1.000000 -1.000000 9 47 
24 1 0 144 0.000000 67.003998 34.127998 0 0 3 -1.000000 -1.000000 -1.000000 -1.000000 -1.000000 -1.000000 8 10 7 
25 1 2 304 0.000000 356.661316 28.340000 4 12 3 12.649788 110.195717 -1.000000 -1.000000 0.000000 -1.000000 9 107 124 153 367 6 45 31 111 177 37 142 46 9 47 
26 1 0 304 915.000000 260.689331 33.162666 1 0 2 6.600220 1.948062 6.600220 6.600220 6.600220 6.600220 9 47 
27 1 0 2 0.000000 8.052000 86.826668 0 0 1 -1.000000 -1.000000 -1.000000 -1.000000 -1.000000 -1.000000 20 
28 1 2 144 0.000000 287.720001 15.202667 4 12 2 7.297879 116.258324 -1.000000 -1.000000 0.000000 -1.000000 10 185 44 93 35 150 98 100 96 175 135 86 48 10 
29 1 0 2 0.000000 27.249334 336.581329 23 0 1 -1.000000 -1.000000 -1.000000 -1.000000 -1.000000 -1.000000 5 
30 1 0 1 800.000000 1626.365356 812.320007 14 0 1 15.010193 4.302854 15.010193 15.010193 15.010193 15.010193 139 
31 1 0 40 1040.000000 545.741333 356.661316 17 0 1 8.355599 2.439568 8.355599 8.355599 8.355599 8.355599 25 
32 1 5 1 0.000000 17.222668 26.266666 28 42 3 -1.000000 -1.000000 -1.000000 -1.000000 -1.000000 -1.000000 145 11 174 79 112 56 101 16 95 66 91 171 20 154 85 113 57 121 54 42 94 366 84 81 126 363 39 53 87 158 165 73 168 163 178 146 63 75 65 76 159 2 178 107 171 
33 1 0 2 380.000000 37.104000 336.581329 15 0 1 1.562540 1.562540 1.562540 1.562540 1.562540 1.562540 5 
34 1 0 144 6200.000000 499.306641 34.127998 2 0 3 5.993066 6200.000000 8.069650 8.069650 8.069650 8.069650 8 10 7 
35 1 0 1 460.000000 103.857338 287.720001 14 0 1 5.634432 1.677641 5.634432 5.634432 5.634432 5.634432 28 
36 1 5 2 0.000000 16.260000 86.826668 28 30 1 -1.000000 -1.000000 -1.000000 -1.000000 -1.000000 -1.000000 145 11 174 79 112 56 101 16 95 5 91 171 20 154 85 113 57 121 54 42 94 366 84 81 126 363 39 53 87 2 20 
37 1 0 40 72000.000000 252.209320 356.661316 27 0 1 6.547999 6.547999 6.547999 6.547999 6.547999 6.547999 25 
38 1 5 4 0.000000 16.964001 100.776001 28 42 2 -1.000000 -1.000000 -1.000000 -1.000000 -1.000000 -1.000000 145 11 174 79 112 56 101 16 95 66 91 171 20 154 85 113 57 121 54 42 94 366 84 81 126 363 39 53 87 158 165 73 168 163 178 146 63 75 65 76 159 2 66 85 
39 1 0 144 1200.000000 81.059998 12.228000 1 0 5 5.494044 1.638332 5.494044 5.494044 5.494044 5.494044 38 32 36 48 40 
40 1 5 1 0.000000 12.228000 62.006664 28 30 1 -1.000000 -1.000000 -1.000000 -1.000000 -1.000000 -1.000000 145 11 174 79 112 56 101 16 95 13 91 171 20 154 85 113 57 121 54 42 94 366 84 81 126 363 39 53 87 2 91 
41 1 0 144 0.000000 469.761322 34.127998 10 0 3 1000.000000 2.128741 -1.000000 -1.000000 -1.000000 -1.000000 8 10 7 
42 1 0 1 440.000000 33.561333 12.228000 0 0 5 5.201542 5.201542 5.201542 5.201542 5.201542 5.201542 38 32 36 48 40 
43 1 21 1 300.000000 253.333328 0.000000 13 25 0 6.554921 6.554921 6.554921 6.554921 6.554921 -1.000000 145 158 174 112 56 168 163 101 165 95 73 91 171 20 154 57 121 146 54 63 94 159 126 76 53 
44 1 0 1 480.000000 62.049335 26.266666 14 0 3 6.605000 1.794922 5.376975 5.376975 5.376975 5.449395 28 178 107 
45 1 0 40 740.000000 133.377335 356.661316 17 0 1 5.816219 1.728541 5.816219 5.816219 5.816219 5.816219 25 
46 1 5 40 0.000000 28.340000 26.266666 28 18 2 -1.000000 -1.000000 -1.000000 -1.000000 -1.000000 -1.000000 158 165 73 57 168 163 154 25 66 178 146 75 63 53 76 65 159 117 154 107 
47 1 5 2 0.000000 33.162666 292.601349 28 13 1 -1.000000 -1.000000 -1.000000 -1.000000 -1.000000 -1.000000 164 166 167 60 20 5 117 154 25 23 64 26 105 117 
48 1 5 1 0.000000 15.202667 28.970667 28 30 2 -1.000000 -1.000000 -1.000000 -1.000000 -1.000000 -1.000000 145 11 174 79 112 56 101 16 95 28 91 171 20 154 85 113 57 121 54 42 94 366 84 81 126 363 39 53 87 2 171 185 
49 1 0 2 500.000000 264.127991 336.581329 15 0 1 1.953991 1.953991 1.953991 1.953991 1.953991 1.953991 5 
50 1 5 1 300.000000 87.514664 291.247986 28 11 1 5.533792 5.533792 5.533792 5.533792 5.533792 -1.000000 145 158 174 112 56 168 163 101 165 95 73 13 
51 1 0 144 0.000000 34.333336 34.127998 0 0 3 -1.000000 -1.000000 -1.000000 -1.000000 -1.000000 -1.000000 8 10 7 
52 1 0 2 520.000000 38.133335 336.581329 15 0 1 1.564315 1.564315 1.564315 1.564315 1.564315 1.564315 5 
53 1 0 144 580.000000 30.144001 12.228000 1 0 8 5.180498 1.550539 5.180498 5.180498 5.180498 5.180498 185 38 32 46 36 48 40 43 
54 1 0 144 0.000000 1.200000 6.674666 0 0 7 -1.000000 -1.000000 -1.000000 -1.000000 -1.000000 -1.000000 38 32 36 48 108 40 43 
55 1 0 144 6000.000000 186.322662 34.127998 8 0 3 6.142262 6.142262 6.142262 6.142262 6.142262 6.142262 8 10 7 
56 1 0 144 0.000000 18.022667 12.228000 3 0 7 -1.000000 -1.000000 -1.000000 -1.000000 -1.000000 -1.000000 43 40 50 48 36 32 38 
57 1 0 144 0.000000 4.066667 6.674666 0 0 10 -1.000000 -1.000000 -1.000000 -1.000000 -1.000000 2.236068 185 46 38 32 107 36 48 108 40 43 
58 1 5 1 0.000000 23.824001 291.247986 28 4 1 -1.000000 -1.000000 -1.000000 -1.000000 -1.000000 -1.000000 145 174 101 95 13 
59 1 0 1 220.000000 20.774668 291.247986 22 0 1 5.122801 5.122801 5.122801 5.122801 5.122801 5.122801 13 
60 1 0 304 0.000000 84.670670 33.162666 0 0 2 -1.000000 -1.000000 -1.000000 -1.000000 -1.000000 -1.000000 47 9 
61 1 0 1 180.000000 3.356000 76.770668 22 0 1 5.015535 5.015535 5.015535 5.015535 5.015535 5.015535 171 
62 1 0 1 800.000000 172.524002 291.247986 14 0 1 6.057289 1.796041 6.057289 6.057289 6.057289 6.057289 13 
63 1 0 304 0.000000 2.800000 16.964001 0 0 4 -1.000000 -1.000000 -1.000000 -1.000000 -1.000000 -1.000000 38 32 46 43 
64 1 0 336 775.000000 109.741333 33.162666 1 0 2 5.670667 1.687787 5.670667 5.670667 5.670667 5.670667 9 47 
65 1 0 304 620.000000 60.128002 16.964001 1 0 4 5.365143 1.602240 5.365143 5.365143 5.365143 5.365143 38 32 107 46 
66 1 2 304 0.000000 109.695999 16.964001 4 6 4 9.331616 136.958221 -1.000000 -1.000000 0.000000 -1.000000 38 138 18 12 103 156 32 38 107 46 
67 1 0 1 580.000000 33.098667 28.970667 14 0 2 5.130747 1.555634 5.198693 5.198693 5.198693 5.198693 13 185 
68 1 0 2 530.000000 10.382667 86.826668 15 0 1 1.516466 1.516466 1.516466 1.516466 1.516466 0.950312 20 
69 1 0 144 775.000000 100.133331 28.970667 1 0 4 5.611500 1.671220 5.611500 5.611500 5.611500 5.611500 8 10 185 7 
70 1 0 1 180.000000 12.118667 76.770668 14 0 1 5.298727 1.519459 5.461302 5.069496 5.069496 5.140104 171 
71 1 0 1 140.000000 1.829333 62.006664 22 0 1 5.006134 5.006134 5.006134 5.006134 5.006134 5.006134 91 
72 1 0 144 0.000000 4.500000 26.266666 0 0 1 -1.000000 -1.000000 -1.000000 -1.000000 -1.000000 -1.000000 107 
73 1 0 304 0.000000 3.406667 16.964001 12 0 5 0.018033 -1.000000 -1.000000 -1.000000 -1.000000 -1.000000 43 50 46 38 32 
74 1 0 144 0.000000 3.600000 28.970667 0 0 4 -1.000000 -1.000000 -1.000000 -1.000000 -1.000000 2.236068 8 10 185 7 
75 1 0 304 0.000000 14.013333 16.964001 6 0 4 -1.000000 -1.000000 -1.000000 -1.000000 -1.000000 -1.000000 38 32 107 46 
76 1 0 304 765.000000 8.416000 16.964001 1 0 5 5.046695 1.513075 5.046695 5.046695 5.046695 5.046695 38 32 107 46 43 
77 1 0 144 0.000000 426.861328 34.127998 10 0 3 1000.000000 2.342681 -1.000000 -1.000000 -1.000000 -1.000000 8 10 7 
78 1 0 144 350.000000 463.761322 34.127998 9 0 3 7.850758 7.850758 7.850758 7.850758 7.850758 7.850758 8 10 7 
79 1 0 144 0.000000 68.757339 12.228000 10 0 5 300.000000 4.363171 -1.000000 -1.000000 -1.000000 -1.000000 40 48 36 32 38 
80 1 0 144 0.000000 138.106659 34.127998 10 0 3 750.000000 5.430585 -1.000000 -1.000000 -1.000000 -1.000000 8 10 7 
81 1 0 144 1220.000000 180.082672 12.228000 1 0 5 6.103836 1.809074 6.103836 6.103836 6.103836 6.103836 38 32 36 48 40 
82 1 0 1 380.000000 13.741333 62.006664 14 0 1 5.377152 1.522257 6.703566 5.079489 5.079489 3.442462 91 
83 1 0 2 562.000000 17.524000 336.581329 15 0 1 1.528779 1.528779 1.528779 1.528779 1.528779 1.528779 5 
84 1 0 144 620.000000 47.264000 12.228000 1 0 5 5.285925 1.580059 5.285925 5.285925 5.285925 5.285925 38 32 36 48 40 
85 1 2 144 0.000000 100.776001 12.228000 4 6 5 9.331616 136.958221 -1.000000 -1.000000 0.000000 -1.000000 38 138 18 12 103 156 38 32 36 48 40 
86 1 0 1 800.000000 11.861334 287.720001 26 0 1 5.067912 5.067912 5.067912 5.067912 5.067912 5.067912 28 
87 1 0 144 0.000000 33.193336 12.228000 7 0 5 40.000000 -1.000000 -1.000000 -1.000000 -1.000000 -1.000000 38 32 36 48 40 
88 1 0 1 380.000000 25.748001 76.770668 14 0 1 6.456723 1.542960 6.785888 5.153427 5.153427 5.507278 171 
89 1 0 1 800.000000 12.962667 28.970667 14 0 2 0.984668 2.117872 4.846249 5.074694 5.074694 3.968041 185 91 
90 1 0 2 350.000000 15.467999 86.826668 15 0 1 1.201769 1.525234 1.176266 1.525234 1.525234 1.135529 20 
91 1 2 144 0.000000 62.006664 12.228000 4 8 7 4.318731 54.670845 -1.000000 -1.000000 0.000000 -1.000000 40 120 125 127 82 89 173 71 43 8 40 48 38 32 36 
92 1 0 2 500.000000 39.397331 336.581329 15 0 1 1.566495 1.566495 1.566495 1.566495 1.566495 1.566495 5 
93 1 0 1 600.000000 40.033333 287.720001 14 0 1 5.029511 1.567591 5.810419 5.241398 5.241398 5.241398 28 
94 1 0 144 430.000000 8.949333 12.228000 1 0 6 8.160050 2.129937 5.049979 5.049979 5.049979 4.850933 38 32 36 48 40 43 
95 1 0 144 0.000000 1.549333 12.228000 12 0 8 0.016393 -1.000000 -1.000000 -1.000000 -1.000000 -1.000000 43 40 58 50 48 36 32 38 
96 1 0 1 950.000000 129.535995 287.720001 14 0 1 10.680523 1.721918 6.251570 5.792564 5.792564 6.073832 28 
97 0 0 1 0.000000 11.036000 0.000000 0 0 0 -1.000000 -1.000000 -1.000000 -1.000000 -1.000000 -1.000000 
98 1 0 1 1150.000000 30.520000 287.720001 19 0 1 5.182814 1.551188 5.182814 5.182814 5.182814 5.182814 28 
99 1 0 1 365.000000 81.740005 291.247986 14 0 1 5.498231 1.639505 5.498231 5.498231 5.498231 5.498231 13 
100 1 0 1 1215.000000 94.394669 287.720001 19 0 1 5.576160 1.661325 5.576160 5.576160 5.576160 5.576160 28 
101 1 0 144 0.000000 5.694667 12.228000 11 0 9 0.001000 -1.000000 -1.000000 -1.000000 -1.000000 2.236068 43 40 58 50 48 185 36 32 38 
102 1 0 144 0.000000 42.394665 34.127998 3 0 3 -1.000000 -1.000000 -1.000000 -1.000000 -1.000000 -1.000000 8 10 7 
103 1 0 4 710.000000 20.062666 100.776001 16 0 2 3.851135 1.533157 5.118416 5.118416 5.118416 5.118416 85 66 
104 1 0 144 0.000000 0.833333 6.674666 0 0 1 -1.000000 -1.000000 -1.000000 -1.000000 -1.000000 -1.000000 108 
105 1 0 144 0.000000 2.833333 28.970667 0 0 2 -1.000000 -1.000000 -1.000000 -1.000000 -1.000000 2.236068 185 47 
106 1 0 144 0.000000 3.666667 6.674666 0 0 1 -1.000000 -1.000000 -1.000000 -1.000000 -1.000000 -1.000000 108 
107 1 7 40 0.000000 26.266666 356.661316 28 20 1 -1.000000 -1.000000 -1.000000 -1.000000 -1.000000 -1.000000 158 165 154 178 66 57 75 146 72 65 159 76 46 119 355 128 152 32 44 17 25 
108 1 0 1 200.000000 6.674666 76.770668 28 4 1 5.035972 5.035972 5.035972 5.035972 5.035972 -1.000000 104 106 54 57 171 
109 1 0 144 0.000000 61.599998 34.127998 12 0 3 0.019967 -1.000000 -1.000000 -1.000000 -1.000000 -1.000000 8 10 7 
110 1 0 144 0.000000 67.818665 34.127998 11 0 3 0.004000 -1.000000 -1.000000 -1.000000 -1.000000 -1.000000 8 10 7 
111 1 0 40 1550.000000 277.872009 356.661316 20 0 1 6.706033 1.977689 6.706033 6.706033 6.706033 6.706033 25 
112 1 0 144 0.000000 31.213333 12.228000 3 0 7 -1.000000 -1.000000 -1.000000 -1.000000 -1.000000 -1.000000 43 40 50 48 36 32 38 
113 1 0 144 0.000000 23.728001 12.228000 0 0 6 -1.000000 -1.000000 -1.000000 -1.000000 -1.000000 2.236068 185 38 32 36 48 40 
114 1 0 144 730.000000 75.262665 28.970667 1 0 4 6.197933 1.628336 5.458344 5.458344 5.458344 5.458344 8 10 185 7 
115 1 0 2 0.000000 4.966666 86.826668 23 0 1 -1.000000 -1.000000 -1.000000 -1.000000 -1.000000 -1.000000 20 
116 1 0 1 305.000000 21.261333 76.770668 14 0 2 4.123620 1.535223 4.774407 5.125798 5.125798 4.882959 178 171 
117 1 2 304 0.000000 292.601349 28.340000 4 6 4 3.099386 103.005623 -1.000000 -1.000000 0.000000 -1.000000 47 136 137 134 129 131 7 47 9 46 
118 1 0 2 1280.000000 37.065331 336.581329 15 0 1 1.562474 1.562474 1.562474 1.562474 1.562474 1.562474 5 
119 1 0 40 760.000000 11.313334 26.266666 25 0 2 5.064537 5.064537 5.064537 5.064537 5.064537 5.064537 107 154 
120 1 0 1 180.000000 5.696000 28.970667 14 0 2 2.988575 1.508385 4.698471 5.029945 5.029945 3.499438 185 91 
121 1 0 144 0.000000 6.200000 12.228000 6 0 6 -1.000000 -1.000000 -1.000000 -1.000000 -1.000000 -1.000000 38 32 36 48 40 43 
122 2 0 1 1450.000000 555.933350 862.832031 19 0 1 8.418363 2.457142 8.418363 8.418363 8.418363 8.418363 250 
123 1 0 1 475.000000 442.081360 812.320007 14 0 1 7.717250 2.260830 7.717250 7.717250 7.717250 7.717250 139 
124 1 8 72 0.000000 68.214668 356.661316 0 0 1 -1.000000 -1.000000 -1.000000 -1.000000 -1.000000 -1.000000 25 
125 1 8 1 0.000000 12.066667 62.006664 0 0 1 -1.000000 -1.000000 -1.000000 -1.000000 -1.000000 -1.000000 91 
126 1 0 144 765.000000 9.024000 12.228000 1 0 6 2.232403 1.514123 5.050439 5.050439 5.050439 5.050439 38 32 36 48 40 43 
127 1 0 1 475.000000 10.958667 62.006664 14 0 1 4.726239 1.517459 4.687368 5.062353 5.062353 4.396452 91 
128 1 0 40 700.000000 91.849335 26.266666 17 0 2 5.560486 1.656936 5.560486 5.560486 5.560486 5.560486 107 154 
129 1 0 2 420.000000 33.765331 292.601349 15 0 1 1.556784 1.556784 1.556784 1.556784 1.556784 1.556784 117 
130 1 0 1 600.000000 16.702667 76.770668 14 0 1 4.253018 2.235813 4.673397 5.097725 5.097725 5.626719 171 
131 1 0 2 1280.000000 31.558666 292.601349 15 0 1 1.552979 1.552979 1.552979 1.552979 1.552979 1.552979 117 
132 1 0 1 72000.000000 261.033356 291.247986 27 0 1 6.602338 6.602338 6.602338 6.602338 6.602338 6.602338 13 
133 1 0 144 0.000000 97.418663 34.127998 0 0 3 -1.000000 -1.000000 -1.000000 -1.000000 -1.000000 -1.000000 8 10 7 
134 1 0 2 500.000000 43.125332 292.601349 15 0 1 1.572923 1.572923 1.572923 1.572923 1.572923 1.572923 117 
135 1 0 1 0.000000 14.088000 287.720001 0 0 1 -1.000000 -1.000000 -1.000000 -1.000000 -1.000000 -1.000000 28 
136 1 0 2 0.000000 24.065334 292.601349 0 0 1 -1.000000 -1.000000 -1.000000 -1.000000 -1.000000 -1.000000 117 
137 1 0 2 550.000000 12.898666 292.601349 15 0 1 1.520804 1.520804 1.520804 1.520804 1.520804 1.520804 117 
138 1 0 4 230.000000 10.492000 100.776001 24 0 2 5.059479 5.059479 5.059479 5.059479 5.059479 5.059479 85 66 
139 1 2 144 0.000000 812.320007 34.445335 4 4 1 19.607124 387.299316 -1.000000 -1.000000 0.000000 -1.000000 30 123 360 140 8 
140 1 0 1 1425.000000 384.985321 812.320007 19 0 1 7.365647 2.162381 7.365647 7.365647 7.365647 7.365647 139 
141 1 0 144 72000.000000 874.857300 34.127998 8 0 3 10.382329 10.382329 10.382329 10.382329 10.382329 10.382329 8 10 7 
142 1 0 40 800.000000 15.670667 356.661316 26 0 1 5.091370 5.091370 5.091370 5.091370 5.091370 5.091370 25 
143 2 0 2 0.000000 42.521332 333.328003 0 0 1 -1.000000 -1.000000 -1.000000 -1.000000 -1.000000 -1.000000 187 
144 1 0 1 900.000000 73.136002 291.247986 14 0 1 6.496508 1.624669 5.445247 5.445247 5.445247 5.445247 13 
145 1 0 144 0.000000 14.500000 12.228000 10 0 9 20.000000 1.379310 -1.000000 -1.000000 -1.000000 2.236068 43 40 58 50 48 185 36 32 38 
146 1 0 336 0.000000 2.537333 16.964001 6 0 5 -1.000000 -1.000000 -1.000000 -1.000000 -1.000000 -1.000000 38 32 107 46 43 
147 1 0 1 220.000000 20.826666 291.247986 14 0 1 4.123691 1.534474 5.123121 5.123121 5.123121 4.896796 13 
148 1 0 1 550.000000 43.099998 291.247986 14 0 1 5.934877 1.572879 5.787308 5.260283 5.260283 5.260283 13 
149 1 0 1 0.000000 23.758667 291.247986 22 0 1 -1.000000 -1.000000 -1.000000 -1.000000 -1.000000 -1.000000 13 
150 1 0 1 220.000000 25.840000 287.720001 14 0 1 4.921578 1.543118 5.153994 5.153994 5.153994 5.153994 28 
151 1 0 1 350.000000 22.427999 28.970667 14 0 2 5.654562 1.537235 6.820789 5.132982 5.132982 4.807622 185 171 
152 1 0 72 500.000000 70.065331 26.266666 18 0 3 5.426338 1.619375 5.426338 5.426338 5.426338 5.426338 178 107 154 
153 1 0 72 600.000000 117.441330 356.661316 18 0 1 5.718084 1.701064 5.718084 5.718084 5.718084 5.718084 25 
154 1 2 304 0.000000 62.533333 12.228000 4 6 10 5.821776 37.381046 -1.000000 -1.000000 0.000000 -1.000000 46 152 119 355 128 160 47 46 9 38 32 107 36 48 40 43 
155 1 0 144 0.000000 84.769333 34.127998 0 0 3 -1.000000 -1.000000 -1.000000 -1.000000 -1.000000 -1.000000 8 10 7 
156 1 0 4 400.000000 77.084000 100.776001 16 0 2 5.135853 1.631477 5.469559 5.469559 5.469559 5.469559 85 66 
157 1 0 2 1280.000000 18.994667 86.826668 15 0 1 1.531315 1.531315 1.531315 1.531315 1.531315 1.531315 20 
158 1 0 304 0.000000 8.749333 16.964001 10 0 6 60.000000 6.857666 -1.000000 -1.000000 -1.000000 -1.000000 43 50 46 38 32 107 
159 1 0 304 550.000000 32.944000 16.964001 1 0 5 5.197741 1.555367 5.197741 5.197741 5.197741 5.197741 38 32 107 46 43 
160 1 0 40 0.000000 98.085335 62.533333 0 0 1 -1.000000 -1.000000 -1.000000 -1.000000 -1.000000 -1.000000 154 
161 1 0 144 0.000000 90.758667 34.127998 3 0 4 -1.000000 -1.000000 -1.000000 -1.000000 -1.000000 -1.000000 8 10 9 7 
162 1 0 144 0.000000 84.490669 34.127998 3 0 4 -1.000000 -1.000000 -1.000000 -1.000000 -1.000000 -1.000000 8 10 9 7 
163 1 0 336 0.000000 31.660000 16.964001 3 0 5 -1.000000 -1.000000 -1.000000 -1.000000 -1.000000 -1.000000 43 50 46 38 32 
164 1 0 336 0.000000 508.705322 33.162666 10 0 2 1200.000000 2.358930 -1.000000 -1.000000 -1.000000 -1.000000 47 9 
165 1 0 336 0.000000 6.398667 16.964001 11 0 6 0.001000 -1.000000 -1.000000 -1.000000 -1.000000 -1.000000 43 50 46 38 32 107 
166 1 0 336 0.000000 72.318665 33.162666 11 0 2 0.004000 -1.000000 -1.000000 -1.000000 -1.000000 -1.000000 47 9 
167 1 0 336 0.000000 70.102669 33.162666 12 0 2 0.021631 -1.000000 -1.000000 -1.000000 -1.000000 -1.000000 47 9 
168 1 0 336 0.000000 37.673332 16.964001 3 0 5 -1.000000 -1.000000 -1.000000 -1.000000 -1.000000 -1.000000 43 50 46 38 32 
169 1 0 1 0.000000 13.397333 291.247986 0 0 1 -1.000000 -1.000000 -1.000000 -1.000000 -1.000000 -1.000000 13 
170 1 0 144 0.000000 35.234669 28.970667 7 0 4 125.000000 -1.000000 -1.000000 -1.000000 -1.000000 2.236068 8 10 185 7 
171 1 2 144 0.000000 76.770668 12.228000 4 10 8 4.648316 54.636364 -1.000000 -1.000000 0.000000 -1.000000 48 32 108 61 70 116 151 368 88 130 40 10 185 48 38 32 36 43 
172 1 0 144 5750.000000 4060.525391 34.127998 2 0 3 41.605255 5750.000000 30.000000 30.000000 30.000000 30.000000 8 10 7 
173 1 0 1 330.000000 28.725332 62.006664 14 0 1 5.785838 1.548093 5.171762 5.171762 5.171762 4.837740 91 
174 1 0 144 0.000000 3.716000 12.228000 0 0 8 -1.000000 -1.000000 -1.000000 -1.000000 -1.000000 -1.000000 43 40 58 50 48 36 32 38 
175 1 0 1 800.000000 53.846668 287.720001 14 0 1 4.534079 1.961005 5.326462 5.326462 5.326462 5.326462 28 
176 1 0 1 280.000000 40.457333 28.970667 14 0 2 5.010659 1.568322 5.244009 5.244009 5.244009 5.469378 13 185 
177 1 0 40 1450.000000 3530.074707 356.661316 20 0 1 26.733431 7.585361 26.733431 26.733431 26.733431 26.733431 25 
178 1 2 336 0.000000 92.858665 16.964001 4 4 5 7.643588 93.618317 -1.000000 -1.000000 0.000000 -1.000000 32 116 44 152 9 38 32 107 46 
179 1 0 2 420.000000 146.286667 336.581329 15 0 1 1.750801 1.750801 1.750801 1.750801 1.750801 1.750801 5 
180 2 0 2 220.000000 7.000000 84.786667 15 0 1 0.009489 1.510633 1.510633 1.510633 1.510633 0.414107 197 
181 2 0 144 0.000000 970.340027 52.549335 10 0 1 3000.000000 3.091700 -1.000000 -1.000000 -1.000000 -1.000000 191 
182 2 0 144 32000.000000 81.865334 13.462667 8 0 5 5.499003 5.499003 5.499003 5.499003 5.499003 5.499003 214 288 211 223 215 
183 2 0 144 0.000000 174.757339 34.865334 10 0 3 1250.000000 7.152775 -1.000000 -1.000000 -1.000000 -1.000000 189 191 188 
184 2 0 1 425.000000 76.520004 288.409332 14 0 1 3.929383 1.630504 5.466086 5.466086 5.466086 5.466086 195 
185 1 7 1 0.000000 28.970667 287.720001 28 21 1 -1.000000 -1.000000 -1.000000 -1.000000 -1.000000 -1.000000 145 101 171 113 57 170 74 21 105 366 114 14 363 69 53 48 120 151 89 176 67 28 
186 2 0 1 850.000000 68.552002 288.409332 14 0 1 4.420607 1.616765 5.417018 5.417018 5.417018 5.417018 195 
187 2 2 144 0.000000 333.328003 17.106667 4 8 3 4.338176 105.618675 -1.000000 -1.000000 0.000000 -1.000000 188 198 261 331 345 206 143 219 211 221 188 
188 2 5 2 0.000000 34.865334 333.328003 28 29 1 -1.000000 -1.000000 -1.000000 -1.000000 -1.000000 -1.000000 249 292 183 208 284 274 283 275 336 337 199 312 246 202 326 304 252 333 347 226 242 364 334 243 313 262 210 197 187 187 
189 2 5 1 0.000000 37.689335 288.409332 28 29 1 -1.000000 -1.000000 -1.000000 -1.000000 -1.000000 -1.000000 249 250 183 208 284 274 283 275 336 337 199 312 246 202 326 304 252 333 347 226 242 364 334 243 313 262 210 266 195 195 
190 2 5 72 0.000000 79.547997 348.850647 28 13 1 -1.000000 -1.000000 -1.000000 -1.000000 -1.000000 -1.000000 339 341 342 336 337 236 292 325 203 354 201 228 204 203 
191 2 5 1 0.000000 52.549335 284.412018 28 29 1 -1.000000 -1.000000 -1.000000 -1.000000 -1.000000 -1.000000 249 181 183 208 284 274 283 275 336 337 199 312 246 202 326 304 252 333 347 226 242 364 334 243 313 262 210 349 205 205 
192 2 0 144 0.000000 39.737331 13.462667 10 0 5 75.000000 1.887394 -1.000000 -1.000000 -1.000000 -1.000000 215 223 211 288 214 
193 2 0 4 800.000000 29.630667 107.319992 16 0 2 4.839961 1.898622 4.975613 5.177337 5.177337 5.177337 240 258 
194 2 0 1 240.000000 4.501333 23.977333 14 0 2 1.260294 1.506325 4.093623 5.022588 5.022588 0.437079 235 266 
195 2 2 144 0.000000 288.409332 13.462667 4 17 2 7.735121 133.273483 -1.000000 -1.000000 0.000000 -1.000000 189 235 184 295 196 212 324 327 285 259 186 301 315 224 348 320 319 215 189 
196 2 0 1 400.000000 42.413334 29.302668 14 0 2 5.256054 1.571695 5.256054 5.256054 5.256054 5.256054 195 281 
197 2 2 144 0.000000 84.786667 13.462667 4 6 8 1.620877 54.668102 -1.000000 -1.000000 0.000000 -1.000000 211 241 346 310 344 180 223 221 288 214 188 211 215 216 
198 2 0 2 410.000000 44.081333 333.328003 15 0 1 1.574571 1.574571 1.574571 1.574571 1.574571 1.574571 187 
199 2 0 144 0.000000 76.093338 23.977333 6 0 4 -1.000000 -1.000000 -1.000000 -1.000000 -1.000000 2.236068 189 235 191 188 
200 2 0 40 840.000000 155.294662 348.850647 17 0 1 5.951189 1.766333 5.951189 5.951189 5.951189 5.951189 203 
201 2 0 336 0.000000 18.209333 36.662666 6 0 2 -1.000000 -1.000000 -1.000000 -1.000000 -1.000000 -1.000000 190 221 
202 2 0 144 0.000000 68.289330 34.865334 0 0 3 -1.000000 -1.000000 -1.000000 -1.000000 -1.000000 -1.000000 189 191 188 
203 2 2 304 0.000000 348.850647 29.166666 4 12 3 12.508343 109.972252 -1.000000 -1.000000 0.000000 -1.000000 190 281 299 311 321 200 218 207 286 209 213 314 220 190 221 
204 2 0 304 890.000000 281.085327 36.662666 1 0 2 6.725821 1.983230 6.725821 6.725821 6.725821 6.725821 190 221 
205 2 2 144 0.000000 284.412018 16.038668 4 14 2 8.926978 161.347641 -1.000000 -1.000000 0.000000 -1.000000 191 305 298 291 255 369 358 271 351 370 307 269 232 350 223 191 
206 2 0 2 0.000000 27.332001 333.328003 23 0 1 -1.000000 -1.000000 -1.000000 -1.000000 -1.000000 -1.000000 187 
207 2 0 40 1120.000000 569.654663 348.850647 17 0 1 8.502860 2.480801 8.502860 8.502860 8.502860 8.502860 203 
208 2 0 144 1650.000000 338.137329 34.865334 10 0 3 450.000000 1.330820 7.077152 7.077152 7.077152 7.077152 189 191 188 
209 2 0 40 1450.000000 3794.928223 348.850647 20 0 1 28.364426 8.042039 28.364426 28.364426 28.364426 28.364426 203 
210 2 0 144 6100.000000 3887.871826 34.865334 2 0 3 39.878719 6100.000000 28.936781 28.936781 28.936781 28.936781 189 191 188 
211 2 5 2 0.000000 17.106667 84.786667 28 30 1 -1.000000 -1.000000 -1.000000 -1.000000 -1.000000 -1.000000 317 192 352 254 287 230 273 233 270 187 266 349 197 325 258 289 234 296 227 272 268 357 257 294 300 359 229 225 263 182 197 
212 2 0 1 275.000000 63.829334 23.977333 14 0 2 5.387936 1.608622 5.387936 5.387936 5.387936 5.387936 235 195 
213 2 0 40 72000.000000 257.519989 348.850647 27 0 1 6.580703 6.580703 6.580703 6.580703 6.580703 6.580703 203 
214 2 5 4 0.000000 19.094667 107.319992 28 42 2 -1.000000 -1.000000 -1.000000 -1.000000 -1.000000 -1.000000 317 192 352 254 287 230 273 233 270 240 266 349 197 325 258 289 234 296 227 272 268 357 257 294 300 359 229 225 263 330 340 245 343 338 354 318 238 247 239 248 332 182 258 240 
215 2 5 1 0.000000 13.462667 23.977333 28 30 2 -1.000000 -1.000000 -1.000000 -1.000000 -1.000000 -1.000000 317 192 352 254 287 230 273 233 270 195 266 349 197 325 258 289 234 296 227 272 268 357 257 294 300 359 229 225 263 182 266 235 
216 2 21 1 300.000000 253.333328 0.000000 13 25 0 6.554921 6.554921 6.554921 6.554921 6.554921 -1.000000 317 330 352 287 230 343 338 273 340 270 245 266 349 197 325 234 296 318 227 238 268 332 300 248 225 
217 2 0 1 800.000000 13.067999 23.977333 14 0 2 2.899273 1.521096 5.075342 5.075342 5.075342 4.359814 235 266 
218 2 0 40 785.000000 140.801331 348.850647 17 0 1 5.861938 1.741342 5.861938 5.861938 5.861938 5.861938 203 
219 2 0 2 575.000000 566.583984 333.328003 15 0 1 2.475506 2.475506 2.475506 2.475506 2.475506 2.475506 187 
220 2 5 40 0.000000 29.166666 29.302668 28 18 2 -1.000000 -1.000000 -1.000000 -1.000000 -1.000000 -1.000000 330 340 245 234 343 338 325 203 240 354 318 247 238 225 248 239 332 292 325 281 
221 2 5 2 0.000000 36.662666 301.761322 28 13 1 -1.000000 -1.000000 -1.000000 -1.000000 -1.000000 -1.000000 339 341 342 236 197 187 292 325 203 201 228 204 278 292 
222 2 0 2 430.000000 41.195999 301.761322 15 0 1 1.569596 1.569596 1.569596 1.569596 1.569596 1.569596 292 
223 2 5 1 0.000000 16.038668 74.662666 28 30 1 -1.000000 -1.000000 -1.000000 -1.000000 -1.000000 -1.000000 317 192 352 254 287 230 273 233 270 205 266 349 197 325 258 289 234 296 227 272 268 357 257 294 300 359 229 225 263 182 349 
224 2 5 1 300.000000 86.613327 288.409332 28 11 1 5.528242 5.528242 5.528242 5.528242 5.528242 -1.000000 317 330 352 287 230 343 338 273 340 270 245 195 
225 2 0 144 580.000000 31.120001 13.462667 1 0 8 5.186508 1.552222 5.186508 5.186508 5.186508 5.186508 235 214 288 220 211 223 215 216 
226 2 0 144 950.000000 277.932007 34.865334 1 0 3 6.706402 1.977793 6.706402 6.706402 6.706402 6.706402 189 191 188 
227 2 0 144 0.000000 1.200000 7.322667 0 0 7 -1.000000 -1.000000 -1.000000 -1.000000 -1.000000 -1.000000 214 288 211 223 282 215 216 
228 2 0 304 775.000000 114.858665 36.662666 1 0 2 5.702180 1.696610 5.702180 5.702180 5.702180 5.702180 190 221 
229 2 0 144 1200.000000 86.430664 13.462667 1 0 5 5.527117 1.647593 5.527117 5.527117 5.527117 5.527117 214 288 211 223 215 
230 2 0 144 0.000000 18.812000 13.462667 3 0 7 -1.000000 -1.000000 -1.000000 -1.000000 -1.000000 -1.000000 216 215 224 223 211 288 214 
231 2 0 40 320.000000 39.249336 29.302668 17 0 2 5.236570 1.566239 5.236570 5.236570 5.236570 5.236570 281 325 
232 2 0 1 800.000000 12.342667 284.412018 26 0 1 5.070876 5.070876 5.070876 5.070876 5.070876 5.070876 205 
233 2 0 144 435.000000 21.818666 13.462667 11 0 5 9.368629 5.129230 5.129230 5.129230 5.129230 5.218118 215 223 211 288 214 
234 2 0 144 0.000000 4.066667 7.322667 0 0 10 -1.000000 -1.000000 -1.000000 -1.000000 -1.000000 2.236068 235 220 214 288 281 211 223 282 215 216 
235 2 7 1 0.000000 23.977333 288.409332 28 21 1 -1.000000 -1.000000 -1.000000 -1.000000 -1.000000 -1.000000 317 273 266 289 234 312 246 199 278 357 347 333 359 242 225 215 194 297 217 295 212 195 
236 2 0 304 0.000000 84.340004 36.662666 0 0 2 -1.000000 -1.000000 -1.000000 -1.000000 -1.000000 -1.000000 221 190 
237 2 0 1 180.000000 2.741333 74.662666 22 0 1 5.011750 5.011750 5.011750 5.011750 5.011750 5.011750 349 
238 2 0 304 0.000000 2.840000 19.094667 0 0 4 -1.000000 -1.000000 -1.000000 -1.000000 -1.000000 -1.000000 214 288 220 216 
239 2 0 304 620.000000 63.549335 19.094667 1 0 4 5.386211 1.608139 5.386211 5.386211 5.386211 5.386211 214 288 281 220 
240 2 2 304 0.000000 116.776001 19.094667 4 7 3 9.281113 148.422867 -1.000000 -1.000000 0.000000 -1.000000 214 309 316 193 276 328 362 214 281 220 
241 2 0 2 0.000000 4.425333 84.786667 23 0 1 -1.000000 -1.000000 -1.000000 -1.000000 -1.000000 -1.000000 197 
242 2 0 144 775.000000 104.526657 23.977333 1 0 4 5.638554 1.678795 5.638554 5.638554 5.638554 5.638554 189 235 191 188 
243 2 0 144 72000.000000 236.561325 34.865334 8 0 3 6.451637 6.451637 6.451637 6.451637 6.451637 6.451637 189 191 188 
244 2 0 144 0.000000 4.500000 29.302668 0 0 1 -1.000000 -1.000000 -1.000000 -1.000000 -1.000000 -1.000000 281 
245 2 0 304 0.000000 3.473333 19.094667 12 0 5 0.018033 -1.000000 -1.000000 -1.000000 -1.000000 -1.000000 216 224 220 214 288 
246 2 0 144 0.000000 3.116000 23.977333 0 0 4 -1.000000 -1.000000 -1.000000 -1.000000 -1.000000 2.236068 189 235 191 188 
247 2 0 304 0.000000 13.705333 19.094667 6 0 4 -1.000000 -1.000000 -1.000000 -1.000000 -1.000000 -1.000000 214 288 281 220 
248 2 0 304 765.000000 8.605333 19.094667 1 0 5 5.047861 1.513401 5.047861 5.047861 5.047861 5.047861 214 288 281 220 216 
249 2 0 144 0.000000 454.022644 34.865334 10 0 3 1100.000000 2.422787 -1.000000 -1.000000 -1.000000 -1.000000 189 191 188 
250 2 2 144 0.000000 862.832031 37.689335 4 5 1 27.001226 565.556824 -1.000000 -1.000000 0.000000 -1.000000 265 264 356 365 122 189 
251 2 0 1 305.000000 23.854666 74.662666 14 0 2 5.781189 1.308890 4.759471 5.141768 5.141768 4.131810 354 349 
252 2 0 144 350.000000 487.079987 34.865334 9 0 3 7.994357 7.994357 7.994357 7.994357 7.994357 7.994357 189 191 188 
253 2 0 1 230.000000 13.189334 74.662666 14 0 1 3.057233 1.521305 5.711315 5.076089 5.076089 4.630536 349 
254 2 0 144 0.000000 67.000000 13.462667 10 0 5 300.000000 4.477612 -1.000000 -1.000000 -1.000000 -1.000000 215 223 211 288 214 
255 2 0 1 650.000000 183.222672 284.412018 14 0 1 6.123172 1.814488 6.123172 6.123172 6.123172 6.123172 205 
256 1 0 2 1280.000000 38.021332 336.581329 15 0 1 1.564122 1.564122 1.564122 1.564122 1.564122 1.564122 5 
257 2 0 144 620.000000 50.823997 13.462667 1 0 5 5.307847 1.586197 5.307847 5.307847 5.307847 5.307847 214 288 211 223 215 
258 2 2 144 0.000000 107.319992 13.462667 4 7 5 9.281113 148.422867 -1.000000 -1.000000 0.000000 -1.000000 214 309 316 193 276 328 362 288 214 211 223 215 
259 2 0 1 910.000000 63.342663 288.409332 14 0 1 5.247507 1.607783 5.384939 5.384939 5.384939 5.384939 195 
260 2 0 2 0.000000 24.094666 301.761322 0 0 1 -1.000000 -1.000000 -1.000000 -1.000000 -1.000000 -1.000000 292 
261 2 0 2 1280.000000 50.453331 333.328003 15 0 1 1.585558 1.585558 1.585558 1.585558 1.585558 1.585558 187 
262 2 0 144 6600.000000 516.160034 34.865334 2 0 3 6.161600 6600.000000 8.173435 8.173435 8.173435 8.173435 189 191 188 
263 2 0 144 0.000000 17.288000 13.462667 7 0 5 25.000000 -1.000000 -1.000000 -1.000000 -1.000000 -1.000000 214 288 211 223 215 
264 2 0 1 600.000000 202.352005 862.832031 14 0 1 6.240973 1.847472 6.240973 6.240973 6.240973 6.240973 250 
265 2 0 1 900.000000 3487.585205 862.832031 14 0 1 26.471775 7.512097 26.471775 26.471775 26.471775 26.471775 250 
266 2 2 144 0.000000 59.666668 13.462667 4 6 8 4.599455 54.984268 -1.000000 -1.000000 0.000000 -1.000000 215 194 290 322 329 217 216 189 235 215 223 288 214 211 
267 2 0 1 315.000000 24.182667 74.662666 14 0 1 6.813431 1.540261 5.844769 5.143787 5.143787 5.653008 349 
268 2 0 144 435.000000 9.269334 13.462667 1 0 6 6.350213 1.514546 5.051950 5.051950 5.051950 5.295441 214 288 211 223 215 216 
269 2 0 1 72000.000000 273.894684 284.412018 27 0 1 6.681540 6.681540 6.681540 6.681540 6.681540 6.681540 205 
270 2 0 144 0.000000 1.641333 13.462667 12 0 7 0.016393 -1.000000 -1.000000 -1.000000 -1.000000 -1.000000 216 215 224 223 211 288 214 
271 2 0 1 1100.000000 30.306665 284.412018 19 0 1 5.181500 1.550820 5.181500 5.181500 5.181500 5.181500 205 
272 2 0 1 410.000000 29.182667 13.462667 0 0 5 5.174578 5.174578 5.174578 5.174578 5.174578 5.174578 214 288 211 223 215 
273 2 0 144 0.000000 5.785333 13.462667 11 0 8 0.001000 -1.000000 -1.000000 -1.000000 -1.000000 2.236068 216 215 235 224 223 211 288 214 
274 2 0 144 800.000000 238.061325 34.865334 11 0 3 0.003500 6.460874 6.460874 6.460874 6.460874 6.460874 189 191 188 
275 2 0 144 0.000000 43.614666 34.865334 3 0 3 -1.000000 -1.000000 -1.000000 -1.000000 -1.000000 -1.000000 189 191 188 
276 2 0 4 700.000000 22.442667 107.319992 16 0 2 2.797050 1.537260 5.334796 5.133072 5.133072 5.133072 240 258 
277 2 0 144 0.000000 0.833333 7.322667 0 0 1 -1.000000 -1.000000 -1.000000 -1.000000 -1.000000 -1.000000 282 
278 2 0 144 0.000000 2.833333 23.977333 0 0 2 -1.000000 -1.000000 -1.000000 -1.000000 -1.000000 2.236068 235 221 
279 2 0 144 0.000000 3.666667 7.322667 0 0 1 -1.000000 -1.000000 -1.000000 -1.000000 -1.000000 -1.000000 282 
280 2 0 1 600.000000 17.502666 74.662666 14 0 1 4.463092 1.528742 5.102652 5.102652 5.102652 5.102652 349 
281 2 7 40 0.000000 29.302668 348.850647 28 20 1 -1.000000 -1.000000 -1.000000 -1.000000 -1.000000 -1.000000 330 340 325 354 240 234 247 318 244 239 332 248 220 293 231 302 323 288 305 196 203 
282 2 0 1 200.000000 7.322667 74.662666 28 4 1 5.039962 5.039962 5.039962 5.039962 5.039962 -1.000000 277 279 227 234 349 
283 2 0 144 0.000000 60.337334 34.865334 12 0 3 0.019967 -1.000000 -1.000000 -1.000000 -1.000000 -1.000000 189 191 188 
284 2 0 144 0.000000 70.035995 34.865334 11 0 3 0.004000 -1.000000 -1.000000 -1.000000 -1.000000 -1.000000 189 191 188 
285 2 0 1 700.000000 40.953331 288.409332 14 0 1 5.033515 1.569178 4.564638 5.247063 5.247063 4.587564 195 
286 2 0 40 1550.000000 271.137329 348.850647 20 0 1 6.664559 1.966077 6.664559 6.664559 6.664559 6.664559 203 
287 2 0 144 0.000000 32.733334 13.462667 3 0 7 -1.000000 -1.000000 -1.000000 -1.000000 -1.000000 -1.000000 216 215 224 223 211 288 214 
288 2 5 1 0.000000 19.530666 29.302668 28 42 3 -1.000000 -1.000000 -1.000000 -1.000000 -1.000000 -1.000000 317 192 352 254 287 230 273 233 270 354 266 349 197 325 258 289 234 296 227 272 268 357 257 294 300 359 229 225 263 330 340 245 343 338 354 318 238 247 239 248 332 182 354 281 349 
289 2 0 144 0.000000 23.728001 13.462667 0 0 6 -1.000000 -1.000000 -1.000000 -1.000000 -1.000000 2.236068 235 214 288 211 223 215 
290 2 8 1 0.000000 12.066667 59.666668 0 0 1 -1.000000 -1.000000 -1.000000 -1.000000 -1.000000 -1.000000 266 
291 2 0 1 575.000000 134.605331 98.746666 14 0 2 7.821651 1.730659 5.823781 5.823781 5.823781 5.823781 205 354 
292 2 2 304 0.000000 301.761322 29.166666 4 6 4 3.088745 101.648399 -1.000000 -1.000000 0.000000 -1.000000 221 260 308 306 222 303 188 221 190 220 
293 2 0 40 760.000000 10.722667 29.302668 25 0 2 5.060900 5.060900 5.060900 5.060900 5.060900 5.060900 281 325 
294 2 0 144 1245.000000 189.480011 13.462667 1 0 5 6.161705 1.825278 6.161705 6.161705 6.161705 6.161705 214 288 211 223 215 
295 2 0 1 230.000000 22.610666 23.977333 14 0 2 5.042092 1.537550 5.134107 5.134107 5.134107 5.498806 235 195 
296 2 0 144 0.000000 6.200000 13.462667 6 0 6 -1.000000 -1.000000 -1.000000 -1.000000 -1.000000 -1.000000 214 288 211 223 215 216 
297 2 0 1 350.000000 24.058666 23.977333 14 0 2 5.891829 1.540047 5.143024 5.143024 5.143024 6.189019 235 349 
298 2 0 1 410.000000 74.030663 284.412018 14 0 1 10.510075 1.626212 6.379628 5.450757 5.450757 9.501165 205 
299 2 8 72 0.000000 68.257339 348.850647 0 0 1 -1.000000 -1.000000 -1.000000 -1.000000 -1.000000 -1.000000 203 
300 2 0 144 765.000000 8.673334 13.462667 1 0 6 2.646101 2.469377 5.048280 5.048280 5.048280 5.048280 214 288 211 223 215 216 
301 2 0 1 0.000000 13.794665 288.409332 0 0 1 -1.000000 -1.000000 -1.000000 -1.000000 -1.000000 -1.000000 195 
302 2 0 40 710.000000 94.840004 29.302668 17 0 2 5.578903 1.662093 5.578903 5.578903 5.578903 5.578903 281 325 
303 2 0 2 1280.000000 33.781334 301.761322 15 0 1 1.556811 1.556811 1.556811 1.556811 1.556811 1.556811 292 
304 2 0 144 0.000000 99.617332 34.865334 0 0 3 -1.000000 -1.000000 -1.000000 -1.000000 -1.000000 -1.000000 189 191 188 
305 2 0 1 440.000000 61.017334 29.302668 14 0 3 6.125949 1.603773 5.370619 5.370619 5.370619 5.684933 205 354 281 
306 2 0 2 500.000000 42.446667 301.761322 15 0 1 1.571753 1.571753 1.571753 1.571753 1.571753 1.571753 292 
307 2 0 1 800.000000 56.949333 284.412018 14 0 1 5.120671 1.787800 5.345568 5.345568 5.345568 5.345568 205 
308 2 0 2 520.000000 11.144000 301.761322 15 0 1 1.517778 1.517778 1.517778 1.517778 1.517778 1.517778 292 
309 2 0 4 230.000000 9.018667 107.319992 24 0 2 5.050406 5.050406 5.050406 5.050406 5.050406 5.050406 240 258 
310 2 0 2 1280.000000 20.688000 84.786667 15 0 1 1.534235 1.534235 1.534235 1.534235 1.534235 1.534235 197 
311 2 0 72 600.000000 107.926674 348.850647 18 0 1 5.659492 1.684658 5.659492 5.659492 5.659492 5.659492 203 
312 2 0 144 0.000000 36.805336 23.977333 7 0 4 125.000000 -1.000000 -1.000000 -1.000000 -1.000000 2.236068 189 235 191 188 
313 2 0 144 72000.000000 822.081360 34.865334 8 0 3 10.057329 10.057329 10.057329 10.057329 10.057329 10.057329 189 191 188 
314 2 0 40 800.000000 16.505333 348.850647 26 0 1 5.096510 5.096510 5.096510 5.096510 5.096510 5.096510 203 
315 2 0 1 0.000000 87.226669 288.409332 0 0 1 -1.000000 -1.000000 -1.000000 -1.000000 -1.000000 -1.000000 195 
316 2 0 4 320.000000 33.741333 107.319992 16 0 2 5.548484 1.556742 5.202651 5.202651 5.202651 5.202651 240 258 
317 2 0 144 0.000000 14.100000 13.462667 10 0 8 20.000000 1.418440 -1.000000 -1.000000 -1.000000 2.236068 216 215 235 224 223 211 288 214 
318 2 0 336 0.000000 2.532000 19.094667 6 0 5 -1.000000 -1.000000 -1.000000 -1.000000 -1.000000 -1.000000 214 288 281 220 216 
319 2 0 1 800.000000 8.937334 288.409332 26 0 1 5.049905 5.049905 5.049905 5.049905 5.049905 5.049905 195 
320 2 0 1 0.000000 30.869333 288.409332 22 0 1 -1.000000 -1.000000 -1.000000 -1.000000 -1.000000 -1.000000 195 
321 2 0 72 920.000000 456.953308 348.850647 18 0 1 7.808833 2.286473 7.808833 7.808833 7.808833 7.808833 203 
322 2 0 1 475.000000 9.237333 59.666668 14 0 1 2.448447 1.514491 5.032250 5.051753 5.051753 2.888081 266 
323 2 0 72 500.000000 73.102669 29.302668 18 0 3 5.445042 1.624612 5.445042 5.445042 5.445042 5.445042 354 281 325 
324 2 0 1 800.000000 246.749344 288.409332 14 0 1 6.514376 1.924025 6.514376 6.514376 6.514376 6.514376 195 
325 2 2 304 0.000000 61.000000 13.462667 4 6 10 5.895639 38.340046 -1.000000 -1.000000 0.000000 -1.000000 220 323 293 231 302 335 221 220 190 288 214 281 211 223 215 216 
326 2 0 144 0.000000 84.310669 34.865334 0 0 3 -1.000000 -1.000000 -1.000000 -1.000000 -1.000000 -1.000000 189 191 188 
327 2 0 1 340.000000 97.306664 288.409332 14 0 1 5.594093 1.666346 5.594093 5.594093 5.594093 5.594093 195 
328 2 0 4 400.000000 75.054672 107.319992 16 0 2 5.277313 1.627977 5.457063 5.457063 5.457063 5.457063 240 258 
329 2 0 1 380.000000 14.614667 59.666668 14 0 1 4.269885 1.523763 5.084867 5.084867 5.084867 5.762972 266 
330 2 0 304 0.000000 8.656000 19.094667 10 0 6 60.000000 6.931608 -1.000000 -1.000000 -1.000000 -1.000000 216 224 220 214 288 281 
331 2 0 2 500.000000 40.850666 333.328003 15 0 1 1.569001 1.569001 1.569001 1.569001 1.569001 1.569001 187 
332 2 0 304 550.000000 34.344002 19.094667 1 0 5 5.206362 1.557781 5.206362 5.206362 5.206362 5.206362 214 288 281 220 216 
333 2 0 144 1335.000000 253.286667 23.977333 1 0 4 6.554634 1.935297 6.554634 6.554634 6.554634 6.554634 189 235 191 188 
334 2 0 144 3000.000000 92.822670 34.865334 8 0 3 5.566480 5.566480 5.566480 5.566480 5.566480 5.566480 189 191 188 
335 2 0 40 0.000000 95.081337 61.000000 0 0 1 -1.000000 -1.000000 -1.000000 -1.000000 -1.000000 -1.000000 325 
336 2 0 144 0.000000 92.375999 34.865334 3 0 4 -1.000000 -1.000000 -1.000000 -1.000000 -1.000000 -1.000000 189 191 190 188 
337 2 0 144 0.000000 84.866669 34.865334 3 0 4 -1.000000 -1.000000 -1.000000 -1.000000 -1.000000 -1.000000 189 191 190 188 
338 2 0 336 0.000000 31.386667 19.094667 3 0 5 -1.000000 -1.000000 -1.000000 -1.000000 -1.000000 -1.000000 216 224 220 214 288 
339 2 0 336 0.000000 504.638672 36.662666 10 0 2 1220.000000 2.417571 -1.000000 -1.000000 -1.000000 -1.000000 221 190 
340 2 0 336 0.000000 6.292000 19.094667 11 0 6 0.001000 -1.000000 -1.000000 -1.000000 -1.000000 -1.000000 216 224 220 214 288 281 
341 2 0 336 0.000000 98.034668 36.662666 11 0 2 0.004000 -1.000000 -1.000000 -1.000000 -1.000000 -1.000000 221 190 
342 2 0 336 0.000000 68.701332 36.662666 12 0 2 0.021631 -1.000000 -1.000000 -1.000000 -1.000000 -1.000000 221 190 
343 2 0 336 0.000000 37.030666 19.094667 3 0 5 -1.000000 -1.000000 -1.000000 -1.000000 -1.000000 -1.000000 216 224 220 214 288 
344 2 0 2 0.000000 8.696000 84.786667 0 0 1 -1.000000 -1.000000 -1.000000 -1.000000 -1.000000 -1.000000 197 
345 2 0 2 550.000000 14.397333 333.328003 15 0 1 1.523388 1.523388 1.523388 1.523388 1.523388 1.523388 187 
346 2 0 2 502.000000 10.314667 84.786667 15 0 1 1.516348 1.516348 1.516348 1.516348 1.516348 1.516348 197 
347 2 0 144 730.000000 79.959999 23.977333 1 0 4 5.487270 1.636436 5.487270 5.487270 5.487270 5.487270 189 235 191 188 
348 2 0 1 0.000000 11.010667 288.409332 0 0 1 -1.000000 -1.000000 -1.000000 -1.000000 -1.000000 -1.000000 195 
349 2 2 144 0.000000 74.662666 13.462667 4 10 7 4.657497 58.125313 -1.000000 -1.000000 0.000000 -1.000000 223 288 282 237 253 251 297 267 353 280 215 191 223 288 214 211 216 
350 2 0 1 0.000000 10.212000 284.412018 0 0 1 -1.000000 -1.000000 -1.000000 -1.000000 -1.000000 -1.000000 205 
351 2 0 1 1240.000000 91.059998 284.412018 19 0 1 5.555625 1.655575 5.555625 5.555625 5.555625 5.555625 205 
352 2 0 144 0.000000 4.417333 13.462667 0 0 7 -1.000000 -1.000000 -1.000000 -1.000000 -1.000000 -1.000000 216 215 224 223 211 288 214 
353 2 0 1 710.000000 18.858667 74.662666 19 0 1 5.111002 1.531080 5.111002 5.111002 5.111002 5.111002 349 
354 2 2 336 0.000000 98.746666 19.094667 4 6 6 8.911609 134.774567 -1.000000 -1.000000 0.000000 -1.000000 288 251 305 291 358 323 190 288 214 288 281 220 
355 1 0 40 320.000000 40.540001 26.266666 17 0 2 5.244518 1.568465 5.244518 5.244518 5.244518 5.244518 107 154 
356 2 0 1 590.000000 2512.053223 862.832031 14 0 1 20.464350 5.830018 20.464350 20.464350 20.464350 20.464350 250 
357 2 0 144 435.000000 20.455999 13.462667 1 0 6 5.120838 1.533835 5.120838 5.120838 5.120838 5.120838 235 214 288 211 223 215 
358 2 0 1 0.000000 146.413330 98.746666 0 0 2 -1.000000 -1.000000 -1.000000 -1.000000 -1.000000 -1.000000 205 354 
359 2 0 144 840.000000 49.183998 13.462667 1 0 6 5.297749 1.583369 5.297749 5.297749 5.297749 5.297749 235 214 288 211 223 215 
360 1 0 1 350.000000 117.045334 812.320007 14 0 1 5.715645 1.700381 5.715645 5.715645 5.715645 5.715645 139 
361 1 0 144 2400.000000 219.680008 34.127998 1 0 3 5.719168 2.357933 6.347680 6.347680 6.347680 6.347680 8 10 7 
362 2 0 4 275.000000 76.281334 107.319992 16 0 2 5.464616 1.630093 5.464616 5.464616 5.464616 5.464616 240 258 
363 1 0 144 840.000000 51.228004 12.228000 1 0 6 5.310336 1.586894 5.310336 5.310336 5.310336 5.310336 185 38 32 36 48 40 
364 2 0 144 2400.000000 253.080002 34.865334 1 0 3 6.553361 1.934941 6.553361 6.553361 6.553361 6.553361 189 191 188 
365 2 0 1 910.000000 173.365326 862.832031 14 0 1 10.052381 1.797492 6.062469 6.062469 6.062469 6.062469 250 
366 1 0 144 475.000000 19.511999 12.228000 1 0 6 5.115025 1.532207 5.115025 5.115025 5.115025 5.115025 185 38 32 36 48 40 
367 1 0 72 880.000000 407.869324 356.661316 18 0 1 7.506569 2.201839 7.506569 7.506569 7.506569 7.506569 25 
368 1 0 1 710.000000 16.888000 76.770668 19 0 1 5.098866 1.527683 5.098866 5.098866 5.098866 5.098866 171 
369 2 0 1 800.000000 121.501328 284.412018 14 0 1 6.142977 1.708064 6.022364 5.743086 5.743086 6.762579 205 
370 2 0 1 1275.000000 255.566681 284.412018 19 0 1 6.568674 1.939229 6.568674 6.568674 6.568674 6.568674 205 
0 
-1.000000 -1.000000 -1.000000 -1.000000 -1.000000 -1.000000 -1.000000 -1.000000 -1.000000 

18 14 19 26 39 53 64 65 69 76 81 84 94 114 126 159 361 363 366 
381.917328 8.416000 107.378006 203.402344 7.199219 60.532768 2400.000000 430.000000 910.000000 

2 34 172 
4060.525391 499.306641 2279.916016 2628.753906 332.753906 1480.753906 6200.000000 5750.000000 5975.000000 

7 56 102 112 161 162 163 168 
90.758667 18.022667 48.030479 79.652344 11.425781 39.324776 -1.000000 -1.000000 -1.000000 

13 5 13 20 25 28 66 85 91 117 139 154 171 178 
812.320007 62.006664 228.353867 191.812500 23.632813 62.783955 -1.000000 -1.000000 -1.000000 

0 
-1.000000 -1.000000 -1.000000 -1.000000 -1.000000 -1.000000 -1.000000 -1.000000 -1.000000 

4 21 75 121 146 
76.273331 2.537333 24.755999 46.093750 3.562500 15.123047 3500.000000 0.000000 1925.000000 

2 87 170 
35.234669 33.193336 34.214005 38.886719 35.468750 37.177734 760.000000 500.000000 630.000000 

4 2 15 55 141 
874.857300 81.807999 341.484985 697.082031 85.285156 366.416992 -1.000000 -1.000000 -1.000000 

1 78 
463.761322 463.761322 463.761322 281.972656 281.972656 281.972656 -1.000000 -1.000000 -1.000000 

10 1 3 11 41 77 79 80 145 158 164 
996.386597 8.749333 285.756378 615.347656 8.546875 202.144928 3000.000000 0.000000 859.500000 

5 16 101 110 165 166 
72.318665 5.694667 34.181068 138.164063 7.031250 44.214062 0.004000 0.000900 0.002180 

4 73 95 109 167 
70.102669 1.549333 34.164665 191.265625 10.175781 87.409180 -1.000000 -1.000000 -1.000000 

1 43 
253.333328 253.333328 253.333328 292.968750 292.968750 292.968750 -1.000000 -1.000000 -1.000000 

27 4 30 35 44 62 67 70 82 88 89 93 96 99 116 120 123 127 130 144 147 148 150 151 173 175 176 360 
1626.365356 5.696000 121.896355 691.921875 5.546875 72.509979 950.000000 180.000000 506.851837 

15 33 49 52 68 83 90 92 118 129 131 134 137 157 179 256 
264.127991 10.382667 52.256886 219.542969 15.925781 64.110420 1280.000000 350.000000 690.133362 

5 12 17 18 103 156 
77.084000 20.062666 36.489067 79.457031 12.476563 27.796875 800.000000 320.000000 566.000000 

5 6 31 45 128 355 
545.741333 40.540001 194.010391 229.414063 25.488281 89.892967 1040.000000 320.000000 728.000000 

3 152 153 367 
407.869324 70.065331 198.458664 191.746094 38.648438 99.932289 880.000000 500.000000 660.000000 

4 98 100 140 368 
384.985321 16.888000 131.696991 395.382813 11.710938 122.400391 -1.000000 -1.000000 -1.000000 

2 111 177 
3530.074707 277.872009 1903.973389 1170.011719 87.175781 628.593750 -1.000000 -1.000000 -1.000000 

0 
-1.000000 -1.000000 -1.000000 -1.000000 -1.000000 -1.000000 -1.000000 -1.000000 -1.000000 

4 59 61 71 149 
23.758667 1.829333 12.429667 68.871094 3.082031 21.972656 -1.000000 -1.000000 -1.000000 

2 29 115 
27.249334 4.966666 16.108000 50.074219 10.097656 30.085938 -1.000000 -1.000000 -1.000000 

1 138 
10.492000 10.492000 10.492000 15.218750 15.218750 15.218750 -1.000000 -1.000000 -1.000000 

1 119 
11.313334 11.313334 11.313334 8.054688 8.054688 8.054688 -1.000000 -1.000000 -1.000000 

3 22 86 142 
15.670667 9.068000 12.200000 26.203125 19.285156 22.888021 -1.000000 -1.000000 -1.000000 

2 37 132 
261.033356 252.209320 256.621338 373.742188 333.570313 353.656250 -1.000000 -1.000000 -1.000000 

17 7 8 9 10 32 36 38 40 43 46 47 48 50 58 107 108 185 
253.333328 6.674666 44.955608 292.968750 13.488281 51.836395 300.000000 40.000000 146.176468 

25.500000 108.000000 27.833334 60.865559 

147.899994 370.799988 74.633331 273.700012 

62.099998 100.199997 13.033333 80.160004 

86.400002 100.199997 4.933332 91.380005 

79.500000 93.000000 4.833333 85.200005 

0.000000 0.000000 0.333333 0.000000 

0 
-1.000000 -1.000000 -1.000000 -1.000000 -1.000000 -1.000000 -1.000000 -1.000000 -1.000000 

18 204 225 226 228 229 239 242 248 257 268 294 300 332 333 347 357 359 364 
281.085327 8.605333 106.481400 215.921875 6.832031 61.775173 2400.000000 435.000000 883.888916 

2 210 262 
3887.871826 516.160034 2202.015869 2658.710938 364.207031 1511.458984 6600.000000 6100.000000 6350.000000 

7 230 275 287 336 337 338 343 
92.375999 18.812000 48.688572 80.171875 11.425781 39.858818 -1.000000 -1.000000 -1.000000 

13 187 195 197 203 205 240 250 258 266 292 325 349 354 
862.832031 59.666668 232.503983 210.378906 23.437500 65.038162 -1.000000 -1.000000 -1.000000 

0 
-1.000000 -1.000000 -1.000000 -1.000000 -1.000000 -1.000000 -1.000000 -1.000000 -1.000000 

5 199 201 247 296 318 
76.093338 2.532000 23.348000 46.718750 3.515625 17.090626 3500.000000 0.000000 1540.000000 

2 263 312 
36.805336 17.288000 27.046669 36.687500 17.878906 27.283203 700.000000 360.000000 530.000000 

4 182 243 313 334 
822.081360 81.865334 308.332672 707.980469 108.128906 355.762695 -1.000000 -1.000000 -1.000000 

1 252 
487.079987 487.079987 487.079987 297.738281 297.738281 297.738281 -1.000000 -1.000000 -1.000000 

9 181 183 192 208 249 254 317 330 339 
970.340027 8.656000 285.709930 618.710938 8.179688 195.868057 3000.000000 0.000000 823.888916 

6 233 273 274 284 340 341 
238.061325 5.785333 73.337990 135.871094 7.320313 57.701172 0.004000 0.000900 0.002400 

4 245 270 283 342 
68.701332 1.641333 33.538334 174.308594 10.476563 79.335938 -1.000000 -1.000000 -1.000000 

1 216 
253.333328 253.333328 253.333328 292.968750 292.968750 292.968750 -1.000000 -1.000000 -1.000000 

28 184 186 194 196 212 217 251 253 255 259 264 265 267 280 285 291 295 297 298 305 307 322 324 327 329 356 365 369 
3487.585205 4.501333 281.184601 983.796875 4.996094 116.191124 910.000000 230.000000 546.428589 

12 180 198 219 222 261 303 306 308 310 331 345 346 
566.583984 7.000000 73.578102 329.019531 8.097656 71.454750 1280.000000 220.000000 670.583313 

5 193 276 316 328 362 
76.281334 22.442667 47.430134 76.511719 13.980469 33.996876 800.000000 275.000000 499.000000 

5 200 207 218 231 302 
569.654663 39.249336 199.968002 236.875000 26.015625 94.069534 1120.000000 320.000000 755.000000 

3 311 321 323 
456.953308 73.102669 212.660889 214.871094 38.003906 107.115883 920.000000 500.000000 673.333313 

5 122 271 351 353 370 
555.933350 18.858667 190.345062 494.226563 12.710938 140.742966 -1.000000 -1.000000 -1.000000 

2 209 286 
3794.928223 271.137329 2033.032715 1208.062500 86.429688 647.246094 -1.000000 -1.000000 -1.000000 

0 
-1.000000 -1.000000 -1.000000 -1.000000 -1.000000 -1.000000 -1.000000 -1.000000 -1.000000 

2 237 320 
30.869333 2.741333 16.805334 86.902344 4.312500 45.607422 -1.000000 -1.000000 -1.000000 

2 206 241 
27.332001 4.425333 15.878667 51.812500 8.421875 30.117188 -1.000000 -1.000000 -1.000000 

1 309 
9.018667 9.018667 9.018667 15.933594 15.933594 15.933594 -1.000000 -1.000000 -1.000000 

1 293 
10.722667 10.722667 10.722667 7.332031 7.332031 7.332031 -1.000000 -1.000000 -1.000000 

3 232 314 319 
16.505333 8.937334 12.595111 27.441406 21.246094 24.567709 -1.000000 -1.000000 -1.000000 

2 213 269 
273.894684 257.519989 265.707336 376.757813 333.089844 354.923828 -1.000000 -1.000000 -1.000000 

16 188 189 190 191 211 214 215 216 220 221 223 224 235 281 282 288 
253.333328 7.322667 47.266502 292.968750 13.871094 55.622803 300.000000 40.000000 147.812500 

16.500000 90.000000 24.833334 53.007324 

114.899994 396.600006 94.233337 273.324982 

44.400002 100.199997 18.933332 70.320000 

79.200005 96.599998 6.133331 86.040001 

77.699997 91.199997 4.833333 83.299995 

0.000000 0.000000 0.333333 0.000000 

