MOD_LEARN_0_75 
0.000000 20.000000 0.000000 0.000000 0.000000 
84.002739 20.000000 15.997263 0.000000 0.000000 
0.000000 20.000000 0.000000 0.000000 0.000000 
76.923080 20.000000 10.000000 23.076923 10.000000 
0.000000 20.000000 10.000000 90.000000 10.000000 
0.000000 20.000000 0.000000 0.000000 0.000000 
82.258430 20.000000 17.741573 0.000000 0.000000 
0.000000 20.000000 0.000000 0.000000 0.000000 
68.965515 20.000000 10.000000 31.034483 10.000000 
0.000000 20.000000 10.000000 90.000000 10.000000 
1 0 800.000000 11.333334 0.000000 0.000000 0.000000 0 0 0 5.435168 5.435168 5.435168 5.435168 5.435168 5.435168 
2 0 1200.000000 500.666656 0.000000 0.000000 0.000000 0 0 0 24.584661 24.584661 24.584661 24.584661 24.584661 24.584661 
3 0 800.000000 34.000000 0.000000 0.000000 0.000000 0 0 0 6.322202 6.322202 6.322202 6.322202 6.322202 6.322202 
4 2 970.000000 24.334667 11.333334 100.000000 1000.000000 1 0 2 5.943961 1.783188 5.943961 5.943961 5.943961 5.943961 57 15 
5 2 970.000000 32.134666 11.333334 100.000000 1000.000000 1 0 3 6.249204 1.874761 6.249204 6.249204 6.249204 6.249204 76 57 15 
6 2 0.000000 242.906662 43.977333 383.000000 4258.000000 4 4 1 15.764783 198.107269 -1.000000 -1.000000 0.000000 -1.000000 68 70 67 69 86 
7 2 0.000000 166.580002 43.977333 383.000000 4258.000000 13 0 1 0.003750 -1.000000 -1.000000 -1.000000 -1.000000 -1.000000 86 
8 2 0.000000 29.106665 43.977333 383.000000 4258.000000 7 0 1 -1.000000 -1.000000 -1.000000 -1.000000 -1.000000 -1.000000 86 
9 2 0.000000 392.639984 99.310669 883.000000 8258.000000 12 0 1 2000.000000 5.093725 -1.000000 -1.000000 -1.000000 -1.000000 34 
10 2 0.000000 420.239990 43.977333 383.000000 4258.000000 5 4 1 26.664673 230.417603 -1.000000 -1.000000 0.000000 -1.000000 29 30 28 107 76 
11 2 0.000000 228.106659 13.990666 124.000000 1193.000000 4 13 2 16.648172 160.985504 -1.000000 -1.000000 0.000000 -1.000000 86 84 91 89 81 87 82 88 90 85 92 93 83 57 86 
12 2 835.000000 52.106667 83.040001 775.000000 4155.000000 19 0 1 7.030786 2.109236 7.030786 7.030786 7.030786 7.030786 99 
13 2 885.000000 65.213333 43.977333 383.000000 4258.000000 1 0 1 7.543700 2.263110 7.543700 7.543700 7.543700 7.543700 76 
14 2 1400.000000 43.573334 13.990666 124.000000 1193.000000 1 0 1 6.696843 2.009053 6.696843 6.696843 6.696843 6.696843 57 
15 2 0.000000 11.333334 0.000000 0.000000 0.000000 15 19 0 -1.000000 -1.000000 -1.000000 -1.000000 -1.000000 -1.000000 65 106 98 103 105 100 96 154 48 42 49 4 16 94 99 66 104 97 5 
16 2 0.000000 0.520000 11.333334 100.000000 1000.000000 0 0 3 -1.000000 -1.000000 -1.000000 -1.000000 -1.000000 -1.000000 86 57 15 
17 2 0.000000 3.400000 17.346668 153.000000 1535.000000 0 0 1 -1.000000 -1.000000 -1.000000 -1.000000 -1.000000 -1.000000 62 
18 2 0.000000 82.240005 43.977333 383.000000 4258.000000 12 0 1 800.000000 9.727626 -1.000000 -1.000000 -1.000000 -1.000000 86 
19 2 1030.000000 136.213333 99.310669 883.000000 8258.000000 1 0 1 10.322203 3.096661 10.322203 10.322203 10.322203 10.322203 34 
20 2 4950.000000 214.573334 99.310669 883.000000 8258.000000 2 0 1 4.503415 4950.000000 13.388731 13.388731 13.388731 13.472065 34 
21 2 945.000000 133.213333 99.310669 883.000000 8258.000000 1 0 1 10.204802 3.061440 10.204802 10.204802 10.204802 10.204802 34 
22 2 0.000000 91.440002 13.990666 124.000000 1193.000000 4 4 1 13.466785 132.669067 -1.000000 -1.000000 0.000000 -1.000000 45 43 44 46 57 
23 2 1250.000000 156.201324 424.773346 3895.000000 26455.000000 17 0 1 3.331323 3.331323 3.331323 3.331323 3.331323 3.331323 109 
24 2 650.000000 144.867996 424.773346 3895.000000 26455.000000 17 0 1 3.198268 3.198268 3.198268 3.198268 3.198268 3.198268 109 
25 2 675.000000 181.067993 424.773346 3895.000000 26455.000000 17 0 1 3.623261 3.623261 3.623261 3.623261 3.623261 3.623261 109 
26 2 680.000000 165.773346 99.310669 883.000000 8258.000000 1 0 1 11.478999 3.443700 11.478999 11.478999 11.478999 11.478999 34 
27 2 915.000000 139.880005 99.310669 883.000000 8258.000000 1 0 1 10.465693 3.139708 10.465693 10.465693 10.465693 10.465693 34 
28 2 3000.000000 319.946686 420.239990 3855.000000 26055.000000 22 0 1 17.512394 5.253718 17.512394 17.512394 17.512394 17.512394 10 
29 2 585.000000 297.279999 420.239990 3855.000000 26055.000000 19 0 1 16.625359 4.987608 16.625359 16.625359 16.625359 16.625359 10 
30 2 870.000000 274.613342 420.239990 3855.000000 26055.000000 19 0 1 15.738326 4.721498 15.738326 15.738326 15.738326 15.738326 10 
31 2 1875.000000 319.946686 413.440002 3795.000000 25455.000000 21 0 1 17.512394 5.253718 17.512394 17.512394 17.512394 17.512394 110 
32 2 835.000000 274.613342 413.440002 3795.000000 25455.000000 16 0 1 15.738326 4.721498 15.738326 15.738326 15.738326 16.100210 110 
33 2 835.000000 297.279999 413.440002 3795.000000 25455.000000 16 0 1 17.145597 4.987608 16.625359 16.625359 16.625359 16.733484 110 
34 2 0.000000 99.310669 413.440002 3795.000000 25455.000000 30 9 1 -1.000000 -1.000000 -1.000000 -1.000000 -1.000000 -1.000000 110 109 9 21 27 19 26 20 101 110 
35 2 700.000000 298.613342 413.440002 3795.000000 25455.000000 16 0 1 16.677538 5.003262 16.677538 16.677538 16.677538 16.677538 110 
36 2 560.000000 297.279999 413.440002 3795.000000 25455.000000 16 0 1 16.625359 4.987608 16.625359 16.625359 16.625359 16.625359 110 
37 2 6250.000000 387.946686 413.440002 3795.000000 25455.000000 29 0 1 20.173496 20.173496 20.173496 20.173496 20.173496 20.173496 110 
38 2 835.000000 286.213318 413.440002 3795.000000 25455.000000 16 0 1 17.551704 4.857683 16.192278 16.192278 16.192278 15.394693 110 
39 2 835.000000 303.113342 413.440002 3795.000000 25455.000000 16 0 1 18.827774 5.061092 16.853642 16.853642 16.853642 17.713118 110 
40 2 9500.000000 511.279968 413.440002 3795.000000 25455.000000 29 0 1 25.000000 25.000000 25.000000 25.000000 25.000000 25.000000 110 
41 2 0.000000 30.439999 43.977333 383.000000 4258.000000 8 0 1 -1.000000 -1.000000 -1.000000 -1.000000 -1.000000 -1.000000 86 
42 2 820.000000 29.906666 11.333334 100.000000 1000.000000 1 0 2 6.162014 1.848604 6.162014 6.162014 6.162014 6.162014 57 15 
43 2 655.000000 29.001333 91.440002 855.000000 4455.000000 17 0 1 0.010000 1.837976 1.837976 1.837976 1.837976 0.181147 22 
44 2 525.000000 31.467999 91.440002 855.000000 4455.000000 25 0 1 6.223115 6.223115 6.223115 6.223115 6.223115 6.223115 22 
45 2 0.000000 19.801334 91.440002 855.000000 4455.000000 0 0 1 -1.000000 -1.000000 -1.000000 -1.000000 -1.000000 -1.000000 22 
46 2 0.000000 32.401333 91.440002 855.000000 4455.000000 0 0 1 -1.000000 -1.000000 -1.000000 -1.000000 -1.000000 -1.000000 22 
47 0 500.000000 22.406666 0.000000 0.000000 0.000000 0 0 0 5.868510 5.868510 5.868510 5.868510 5.868510 5.868510 
48 2 675.000000 11.373334 11.333334 100.000000 1000.000000 1 0 2 6.643779 1.631020 5.436734 5.436734 5.436734 5.221174 57 15 
49 2 775.000000 31.039999 11.333334 100.000000 1000.000000 1 0 2 6.206366 1.861910 6.206366 6.206366 6.206366 6.206366 57 15 
50 2 970.000000 29.013332 83.040001 775.000000 4155.000000 19 0 1 6.127055 1.838116 6.127055 6.127055 6.127055 6.127055 99 
51 2 590.000000 26.053333 83.040001 775.000000 4155.000000 19 0 1 6.011219 1.803366 6.011219 6.011219 6.011219 6.011219 99 
52 0 590.000000 49.064003 0.000000 0.000000 0.000000 0 0 0 6.911715 6.911715 6.911715 6.911715 6.911715 6.911715 
53 2 725.000000 28.346668 83.040001 775.000000 4155.000000 19 0 1 6.100965 1.830290 6.100965 6.100965 6.100965 6.100965 99 
54 2 1300.000000 33.186668 80.906662 755.000000 4055.000000 21 0 1 6.290373 1.887112 6.290373 6.290373 6.290373 6.290373 103 
55 2 970.000000 29.013332 80.906662 755.000000 4055.000000 16 0 1 0.857991 2.917166 6.127055 6.127055 6.127055 1.506032 103 
56 2 700.000000 28.146667 80.906662 755.000000 4055.000000 16 0 1 8.138012 1.941404 6.093139 6.093139 6.093139 4.184805 103 
57 2 0.000000 13.990666 80.906662 755.000000 4055.000000 30 23 2 -1.000000 -1.000000 -1.000000 -1.000000 -1.000000 -1.000000 65 106 98 103 108 105 100 22 11 96 154 48 42 49 14 4 16 94 99 66 104 97 5 103 99 
58 2 680.000000 30.060001 80.906662 755.000000 4055.000000 16 0 1 4.876705 1.850405 6.168015 6.168015 6.168015 5.214124 103 
59 2 500.000000 26.053333 80.906662 755.000000 4055.000000 16 0 1 5.818684 2.184625 6.011219 6.011219 6.011219 4.310257 103 
60 2 680.000000 28.346668 80.906662 755.000000 4055.000000 16 0 1 4.710057 1.830290 6.100965 6.100965 6.100965 3.903089 103 
61 2 685.000000 28.146667 80.906662 755.000000 4055.000000 16 0 1 4.902395 1.827942 6.093139 6.093139 6.093139 3.172418 103 
62 2 500.000000 17.346668 80.906662 755.000000 4055.000000 24 2 1 5.670493 5.670493 5.670493 5.670493 5.670493 5.670493 17 102 103 
63 2 1030.000000 73.134666 43.977333 383.000000 4258.000000 1 0 1 7.853692 2.356108 7.853692 7.853692 7.853692 7.853692 86 
64 2 885.000000 65.213333 43.977333 383.000000 4258.000000 1 0 1 7.543700 2.263110 7.543700 7.543700 7.543700 7.543700 86 
65 2 0.000000 23.546665 11.333334 100.000000 1000.000000 13 0 3 0.001250 -1.000000 -1.000000 -1.000000 -1.000000 -1.000000 15 57 86 
66 2 0.000000 27.679998 11.333334 100.000000 1000.000000 13 0 3 0.001250 -1.000000 -1.000000 -1.000000 -1.000000 -1.000000 76 57 15 
67 2 1250.000000 88.201332 242.906662 2295.000000 10055.000000 17 0 1 1.858705 2.532992 2.532992 2.532992 2.532992 2.532992 6 
68 2 675.000000 91.601334 242.906662 2295.000000 10055.000000 17 0 1 2.572909 2.572909 2.572909 2.572909 2.572909 2.572909 6 
69 2 735.000000 91.601334 242.906662 2295.000000 10055.000000 17 0 1 2.572909 2.572909 2.572909 2.572909 2.572909 2.572909 6 
70 2 630.000000 88.201332 242.906662 2295.000000 10055.000000 17 0 1 2.532992 2.532992 2.532992 2.532992 2.532992 2.532992 6 
71 2 0.000000 1.533333 51.557335 458.000000 4318.000000 0 0 1 -1.000000 -1.000000 -1.000000 -1.000000 -1.000000 -1.000000 90 
72 2 0.000000 2.533333 51.557335 458.000000 4318.000000 0 0 1 -1.000000 -1.000000 -1.000000 -1.000000 -1.000000 -1.000000 90 
73 2 675.000000 76.440002 43.977333 383.000000 4258.000000 1 0 1 10.140030 2.394913 7.983043 7.983043 7.983043 7.983043 86 
74 2 855.000000 77.373337 43.977333 383.000000 4258.000000 1 0 1 8.019567 2.405870 8.019567 8.019567 8.019567 8.019567 86 
75 2 1150.000000 123.680008 83.040001 775.000000 4155.000000 22 0 1 9.831725 2.949518 9.831725 9.831725 9.831725 9.831725 99 
76 2 0.000000 43.977333 83.040001 775.000000 4155.000000 33 7 1 -1.000000 -1.000000 -1.000000 -1.000000 -1.000000 -1.000000 66 104 99 10 13 97 5 99 
77 2 615.000000 92.213333 83.040001 775.000000 4155.000000 19 0 1 8.600313 2.580094 8.600313 8.600313 8.600313 8.600313 99 
78 2 830.000000 108.240005 83.040001 775.000000 4155.000000 19 0 1 9.227499 2.768250 9.227499 9.227499 9.227499 9.227499 99 
79 2 550.000000 66.440002 83.040001 775.000000 4155.000000 19 0 1 7.591704 2.277511 7.591704 7.591704 7.591704 7.591704 99 
80 2 0.000000 92.213333 83.040001 775.000000 4155.000000 0 0 1 -1.000000 -1.000000 -1.000000 -1.000000 -1.000000 -1.000000 99 
81 2 2100.000000 123.680008 228.106659 2155.000000 9455.000000 21 0 1 9.831725 2.949518 9.831725 9.831725 9.831725 9.831725 11 
82 2 1030.000000 101.013329 228.106659 2155.000000 9455.000000 21 0 1 8.944691 2.683407 8.944691 8.944691 8.944691 8.944691 11 
83 2 1030.000000 110.146667 228.106659 2155.000000 9455.000000 21 0 1 9.302114 2.790634 9.302114 9.302114 9.302114 9.302114 11 
84 2 805.000000 98.613327 228.106659 2155.000000 9455.000000 16 0 1 8.850770 2.660231 8.850770 8.850770 8.850770 9.274135 11 
85 2 805.000000 103.013329 228.106659 2155.000000 9455.000000 16 0 1 11.131900 2.716888 9.022959 9.022959 9.022959 9.766099 11 
86 2 0.000000 43.977333 228.106659 2155.000000 9455.000000 30 18 1 -1.000000 -1.000000 -1.000000 -1.000000 -1.000000 -1.000000 65 98 11 108 105 100 7 18 6 110 8 41 64 74 73 63 16 94 11 
87 2 700.000000 104.506668 228.106659 2155.000000 9455.000000 16 0 1 7.556365 2.724420 9.081399 9.081399 9.081399 9.081399 11 
88 2 550.000000 115.746666 228.106659 2155.000000 9455.000000 16 0 1 9.204720 2.856379 9.521263 9.521263 9.521263 8.427892 11 
89 2 550.000000 92.213333 228.106659 2155.000000 9455.000000 16 0 1 9.708138 2.580094 8.600313 8.600313 8.600313 7.842060 11 
90 2 0.000000 51.557335 228.106659 2155.000000 9455.000000 30 2 1 -1.000000 -1.000000 -1.000000 -1.000000 -1.000000 -1.000000 71 72 11 
91 2 805.000000 103.546669 228.106659 2155.000000 9455.000000 16 0 1 10.289401 2.713149 9.043831 9.043831 9.043831 10.399750 11 
92 2 805.000000 106.680008 228.106659 2155.000000 9455.000000 16 0 1 9.166451 2.749935 9.166451 9.166451 9.166451 9.166451 11 
93 2 835.000000 106.146667 228.106659 2155.000000 9455.000000 16 0 1 9.498970 2.743673 9.145578 9.145578 9.145578 7.999546 11 
94 2 0.000000 0.520000 11.333334 100.000000 1000.000000 0 0 3 -1.000000 -1.000000 -1.000000 -1.000000 -1.000000 -1.000000 86 57 15 
95 2 15000.000000 478.706635 395.839996 3545.000000 31005.000000 9 0 1 23.725279 23.725279 23.725279 23.725279 23.725279 23.725279 101 
96 2 0.000000 16.840000 11.333334 100.000000 1000.000000 7 0 2 -1.000000 -1.000000 -1.000000 -1.000000 -1.000000 -1.000000 57 15 
97 2 0.000000 23.173334 11.333334 100.000000 1000.000000 7 0 3 -1.000000 -1.000000 -1.000000 -1.000000 -1.000000 -1.000000 76 57 15 
98 2 0.000000 55.953331 11.333334 100.000000 1000.000000 12 0 3 400.000000 7.148815 -1.000000 -1.000000 -1.000000 -1.000000 15 57 86 
99 2 0.000000 83.040001 11.333334 100.000000 1000.000000 5 11 3 14.917215 147.081665 -1.000000 -1.000000 0.000000 -1.000000 76 51 53 50 77 78 75 80 79 12 57 57 76 15 
100 2 0.000000 26.639999 11.333334 100.000000 1000.000000 3 0 3 -1.000000 -1.000000 -1.000000 -1.000000 -1.000000 -1.000000 57 86 15 
101 2 0.000000 395.839996 99.310669 883.000000 8258.000000 4 1 1 23.802816 237.492950 -1.000000 -1.000000 0.000000 -1.000000 95 34 
102 2 0.000000 3.933333 17.346668 153.000000 1535.000000 7 0 1 -1.000000 -1.000000 -1.000000 -1.000000 -1.000000 -1.000000 62 
103 2 0.000000 80.906662 11.333334 100.000000 1000.000000 4 9 2 14.423591 139.941025 -1.000000 -1.000000 0.000000 -1.000000 57 62 61 56 59 60 58 55 54 15 57 
104 2 0.000000 48.506668 11.333334 100.000000 1000.000000 12 0 3 0.000000 0.000000 -1.000000 -1.000000 -1.000000 -1.000000 76 57 15 
105 2 0.000000 28.906668 11.333334 100.000000 1000.000000 3 0 3 -1.000000 -1.000000 -1.000000 -1.000000 -1.000000 -1.000000 57 86 15 
106 2 0.000000 6.530666 11.333334 100.000000 1000.000000 12 0 2 30.000000 4.593712 -1.000000 -1.000000 -1.000000 -1.000000 15 57 
107 2 9500.000000 290.906677 420.239990 3855.000000 26055.000000 29 0 1 16.375946 16.375946 16.375946 16.375946 16.375946 16.375946 10 
108 2 750.000000 31.439999 13.990666 124.000000 1193.000000 13 0 2 13.533174 6.640007 6.222019 6.222019 6.222019 6.520913 57 86 
109 2 0.000000 424.773346 99.310669 883.000000 8258.000000 4 3 1 19.554382 218.241653 -1.000000 -1.000000 0.000000 -1.000000 24 23 25 34 
110 2 0.000000 413.440002 43.977333 383.000000 4258.000000 4 10 2 27.944920 239.709717 -1.000000 -1.000000 0.000000 -1.000000 34 32 36 38 31 35 37 40 33 39 86 34 
111 0 0.000000 180.080002 0.000000 0.000000 0.000000 0 5 0 -1.000000 -1.000000 -1.000000 -1.000000 -1.000000 -1.000000 116 117 118 119 115 
112 0 0.000000 110.226669 0.000000 0.000000 0.000000 0 0 0 -1.000000 -1.000000 -1.000000 -1.000000 -1.000000 -1.000000 
113 0 0.000000 43.680000 0.000000 0.000000 0.000000 0 4 0 -1.000000 -1.000000 -1.000000 -1.000000 -1.000000 -1.000000 135 134 133 151 
114 0 0.000000 11.333334 0.000000 0.000000 0.000000 0 14 0 -1.000000 -1.000000 -1.000000 -1.000000 -1.000000 -1.000000 137 149 124 152 148 145 154 127 128 125 138 150 146 126 
115 0 2050.000000 69.834671 0.000000 0.000000 0.000000 0 0 0 7.724550 7.724550 7.724550 7.724550 7.724550 7.724550 
116 0 0.000000 34.967999 0.000000 0.000000 0.000000 0 9 0 -1.000000 -1.000000 -1.000000 -1.000000 -1.000000 -1.000000 137 149 111 152 148 112 123 153 145 
117 0 775.000000 69.834671 0.000000 0.000000 0.000000 0 0 0 7.724550 7.724550 7.724550 7.724550 7.724550 7.724550 
118 0 745.000000 69.834671 0.000000 0.000000 0.000000 0 0 0 7.724550 7.724550 7.724550 7.724550 7.724550 7.724550 
119 0 475.000000 69.834671 0.000000 0.000000 0.000000 0 0 0 7.724550 7.724550 7.724550 7.724550 7.724550 7.724550 
120 0 0.000000 34.967999 0.000000 0.000000 0.000000 0 2 0 -1.000000 -1.000000 -1.000000 -1.000000 -1.000000 -1.000000 153 136 
121 0 775.000000 69.834671 0.000000 0.000000 0.000000 0 0 0 7.724550 7.724550 7.724550 7.724550 7.724550 7.724550 
122 0 790.000000 69.834671 0.000000 0.000000 0.000000 0 0 0 7.724550 7.724550 7.724550 7.724550 7.724550 7.724550 
123 0 0.000000 67.186661 0.000000 0.000000 0.000000 0 0 0 -1.000000 -1.000000 -1.000000 -1.000000 -1.000000 -1.000000 
124 0 0.000000 45.946667 0.000000 0.000000 0.000000 0 8 0 -1.000000 -1.000000 -1.000000 -1.000000 -1.000000 -1.000000 130 144 132 141 131 142 129 140 
125 0 945.000000 24.373333 0.000000 0.000000 0.000000 0 0 0 5.945474 5.945474 5.945474 5.945474 5.945474 5.945474 
126 0 945.000000 26.639999 0.000000 0.000000 0.000000 0 0 0 6.034177 6.034177 6.034177 6.034177 6.034177 6.034177 
127 0 770.000000 22.106667 0.000000 0.000000 0.000000 0 0 0 5.856770 5.856770 5.856770 5.856770 5.856770 5.856770 
128 0 755.000000 22.840000 0.000000 0.000000 0.000000 0 0 0 5.885468 5.885468 5.885468 5.885468 5.885468 5.885468 
129 0 945.000000 21.637333 0.000000 0.000000 0.000000 0 0 0 5.838403 5.838403 5.838403 5.838403 5.838403 5.838403 
130 0 0.000000 8.500000 0.000000 0.000000 0.000000 0 17 0 -1.000000 -1.000000 -1.000000 -1.000000 -1.000000 -1.000000 137 149 124 152 148 113 111 145 154 127 128 143 125 138 150 146 126 
131 0 665.000000 20.504002 0.000000 0.000000 0.000000 0 0 0 5.794052 5.794052 5.794052 5.794052 5.794052 5.794052 
132 0 0.000000 21.637333 0.000000 0.000000 0.000000 0 0 0 -1.000000 -1.000000 -1.000000 -1.000000 -1.000000 -1.000000 
133 0 665.000000 23.334667 0.000000 0.000000 0.000000 0 0 0 5.904827 5.904827 5.904827 5.904827 5.904827 5.904827 
134 0 645.000000 25.467999 0.000000 0.000000 0.000000 0 0 0 5.988312 5.988312 5.988312 5.988312 5.988312 5.988312 
135 0 0.000000 16.534666 0.000000 0.000000 0.000000 0 0 0 -1.000000 -1.000000 -1.000000 -1.000000 -1.000000 -1.000000 
136 0 15000.000000 22.106667 0.000000 0.000000 0.000000 0 0 0 5.856770 5.856770 5.856770 5.856770 5.856770 5.856770 
137 0 0.000000 16.226665 0.000000 0.000000 0.000000 0 0 0 -1.000000 -1.000000 -1.000000 -1.000000 -1.000000 -1.000000 
138 0 0.000000 19.093334 0.000000 0.000000 0.000000 0 0 0 -1.000000 -1.000000 -1.000000 -1.000000 -1.000000 -1.000000 
139 0 0.000000 16.226665 0.000000 0.000000 0.000000 0 7 0 -1.000000 -1.000000 -1.000000 -1.000000 -1.000000 -1.000000 149 152 148 145 127 128 125 
140 0 1250.000000 26.397333 0.000000 0.000000 0.000000 0 0 0 6.024681 6.024681 6.024681 6.024681 6.024681 6.024681 
141 0 675.000000 19.730667 0.000000 0.000000 0.000000 0 0 0 5.763788 5.763788 5.763788 5.763788 5.763788 5.763788 
142 0 475.000000 20.864000 0.000000 0.000000 0.000000 0 0 0 5.808140 5.808140 5.808140 5.808140 5.808140 5.808140 
143 0 1350.000000 37.840000 0.000000 0.000000 0.000000 0 0 0 6.472476 6.472476 6.472476 6.472476 6.472476 6.472476 
144 0 625.000000 15.197332 0.000000 0.000000 0.000000 0 1 0 5.586381 5.586381 5.586381 5.586381 5.586381 5.586381 147 
145 0 0.000000 14.666667 0.000000 0.000000 0.000000 0 0 0 -1.000000 -1.000000 -1.000000 -1.000000 -1.000000 -1.000000 
146 0 0.000000 17.799999 0.000000 0.000000 0.000000 0 0 0 -1.000000 -1.000000 -1.000000 -1.000000 -1.000000 -1.000000 
147 0 0.000000 5.040000 0.000000 0.000000 0.000000 0 0 0 -1.000000 -1.000000 -1.000000 -1.000000 -1.000000 -1.000000 
148 0 0.000000 23.466667 0.000000 0.000000 0.000000 0 0 0 -1.000000 -1.000000 -1.000000 -1.000000 -1.000000 -1.000000 
149 0 0.000000 20.280001 0.000000 0.000000 0.000000 0 0 0 -1.000000 -1.000000 -1.000000 -1.000000 -1.000000 -1.000000 
150 0 0.000000 20.280001 0.000000 0.000000 0.000000 0 0 0 -1.000000 -1.000000 -1.000000 -1.000000 -1.000000 -1.000000 
151 0 675.000000 26.601334 0.000000 0.000000 0.000000 0 0 0 6.032664 6.032664 6.032664 6.032664 6.032664 6.032664 
152 0 0.000000 23.466667 0.000000 0.000000 0.000000 0 0 0 -1.000000 -1.000000 -1.000000 -1.000000 -1.000000 -1.000000 
153 0 0.000000 180.080002 0.000000 0.000000 0.000000 0 3 0 -1.000000 -1.000000 -1.000000 -1.000000 -1.000000 -1.000000 120 121 122 
154 1 0.000000 0.213333 11.333334 100.000000 1000.000000 0 0 4 -1.000000 -1.000000 -1.000000 -1.000000 -1.000000 -1.000000 241 169 57 15 
155 1 0.000000 216.639984 36.621330 322.000000 3316.000000 4 5 1 14.451683 185.369339 -1.000000 -1.000000 0.000000 -1.000000 167 165 164 166 168 252 
156 1 0.000000 164.906662 12.272000 109.000000 1029.000000 4 5 2 20.350735 204.836884 -1.000000 -1.000000 0.000000 -1.000000 231 232 226 228 227 252 241 
157 1 0.000000 156.426666 36.621330 322.000000 3316.000000 13 0 1 0.003750 -1.000000 -1.000000 -1.000000 -1.000000 -1.000000 252 
158 1 0.000000 206.239990 12.272000 109.000000 1029.000000 4 10 2 18.919355 196.262314 -1.000000 -1.000000 0.000000 -1.000000 252 253 254 251 225 229 227 233 230 234 241 252 
159 1 0.000000 27.973333 36.621330 322.000000 3316.000000 7 0 1 -1.000000 -1.000000 -1.000000 -1.000000 -1.000000 -1.000000 252 
160 1 0.000000 89.453331 36.621330 322.000000 3316.000000 12 0 1 1000.000000 11.179013 -1.000000 -1.000000 -1.000000 -1.000000 252 
161 1 0.000000 408.906677 36.621330 322.000000 3316.000000 5 4 1 24.727753 236.119949 -1.000000 -1.000000 0.000000 -1.000000 184 183 185 259 200 
162 1 0.000000 55.440002 12.272000 109.000000 1029.000000 4 3 1 12.392604 120.488380 -1.000000 -1.000000 0.000000 -1.000000 178 176 177 241 
163 1 875.000000 61.440002 36.621330 322.000000 3316.000000 1 0 1 7.396035 2.218811 7.396035 7.396035 7.396035 7.396035 200 
164 1 1300.000000 84.801331 216.639984 2055.000000 8355.000000 17 0 1 1.850529 2.493076 2.493076 2.493076 2.493076 3.069021 155 
165 1 655.000000 81.401329 216.639984 2055.000000 8355.000000 17 0 1 2.453159 2.453159 2.453159 2.453159 2.453159 2.453159 155 
166 1 725.000000 79.134666 216.639984 2055.000000 8355.000000 17 0 1 2.426548 2.426548 2.426548 2.426548 2.426548 2.426548 155 
167 1 625.000000 76.867996 216.639984 2055.000000 8355.000000 17 0 1 2.291794 2.399937 2.399937 2.399937 2.399937 2.707007 155 
168 1 0.000000 88.201332 216.639984 2055.000000 8355.000000 0 0 1 -1.000000 -1.000000 -1.000000 -1.000000 -1.000000 -1.000000 155 
169 1 0.000000 11.333334 0.000000 0.000000 0.000000 15 16 0 -1.000000 -1.000000 -1.000000 -1.000000 -1.000000 -1.000000 205 218 208 255 224 216 154 193 197 191 173 219 206 250 217 192 
170 1 1300.000000 141.467987 409.306671 3755.000000 25355.000000 17 0 1 3.158351 3.158351 3.158351 3.158351 3.158351 3.158351 256 
171 1 850.000000 136.734665 409.306671 3755.000000 25355.000000 17 0 1 3.102781 3.102781 3.102781 3.102781 3.102781 3.102781 256 
172 1 650.000000 133.534668 409.306671 3755.000000 25355.000000 17 0 1 3.065213 3.065213 3.065213 3.065213 3.065213 3.065213 256 
173 1 0.000000 1.040000 11.333334 100.000000 1000.000000 0 0 3 -1.000000 -1.000000 -1.000000 -1.000000 -1.000000 -1.000000 252 241 169 
174 1 0.000000 3.400000 13.976000 125.000000 1107.000000 0 0 1 -1.000000 -1.000000 -1.000000 -1.000000 -1.000000 -1.000000 248 
175 1 1050.000000 411.666656 104.507996 934.000000 8331.000000 1 0 1 21.265169 6.330524 21.101749 21.101749 21.101749 21.101749 236 
176 1 655.000000 24.201334 55.440002 515.000000 2955.000000 17 0 1 0.262852 1.781623 1.781623 1.781623 1.781623 1.105968 162 
177 1 510.000000 26.601334 55.440002 515.000000 2955.000000 25 0 1 6.032664 6.032664 6.032664 6.032664 6.032664 6.032664 162 
178 1 0.000000 18.667999 55.440002 515.000000 2955.000000 0 0 1 -1.000000 -1.000000 -1.000000 -1.000000 -1.000000 -1.000000 162 
179 1 0.000000 78.520004 36.621330 322.000000 3316.000000 12 0 1 600.000000 7.641365 -1.000000 -1.000000 -1.000000 -1.000000 252 
180 1 1020.000000 129.573334 104.507996 934.000000 8331.000000 1 0 1 10.062353 3.018706 10.062353 10.062353 10.062353 10.062353 236 
181 1 925.000000 118.240005 104.507996 934.000000 8331.000000 1 0 1 10.730733 2.885651 9.618837 9.618837 9.618837 9.618837 236 
182 1 895.000000 129.573334 104.507996 934.000000 8331.000000 1 0 1 10.062353 3.018706 10.062353 10.062353 10.062353 10.062353 236 
183 1 2700.000000 253.839996 408.906677 3755.000000 25055.000000 22 0 1 14.925385 4.477616 14.925385 14.925385 14.925385 14.925385 161 
184 1 775.000000 241.343994 408.906677 3755.000000 25055.000000 19 0 1 14.436369 4.330911 14.436369 14.436369 14.436369 14.436369 161 
185 1 745.000000 242.567993 408.906677 3755.000000 25055.000000 19 0 1 14.484269 4.345281 14.484269 14.484269 14.484269 14.484269 161 
186 1 525.000000 219.901337 397.573334 3655.000000 24055.000000 16 0 1 14.244787 3.730549 13.597236 13.597236 13.597236 13.597236 258 
187 1 690.000000 242.567993 397.573334 3655.000000 24055.000000 16 0 1 14.484269 4.345281 14.484269 14.484269 14.484269 14.484269 258 
188 1 700.000000 241.343994 397.573334 3655.000000 24055.000000 16 0 1 20.364187 4.330911 14.436369 14.436369 14.436369 13.989043 258 
189 1 1750.000000 253.839996 397.573334 3655.000000 24055.000000 21 0 1 14.925385 4.477616 14.925385 14.925385 14.925385 14.925385 258 
190 1 0.000000 27.173334 36.621330 322.000000 3316.000000 8 0 1 -1.000000 -1.000000 -1.000000 -1.000000 -1.000000 -1.000000 252 
191 1 960.000000 27.506668 11.333334 100.000000 1000.000000 1 0 2 5.499887 1.820428 6.068093 6.068093 6.068093 6.068093 241 169 
192 1 960.000000 30.773335 11.333334 100.000000 1000.000000 1 0 3 6.195930 1.858779 6.195930 6.195930 6.195930 6.195930 200 241 169 
193 1 800.000000 22.732000 11.333334 100.000000 1000.000000 1 0 2 11.591214 2.069947 5.881242 5.881242 5.881242 5.881242 241 169 
194 1 4550.000000 199.706665 104.507996 934.000000 8331.000000 2 0 1 3.457570 4550.000000 12.806940 12.806940 12.806940 12.806940 236 
195 1 15000.000000 423.373352 364.506653 3245.000000 30005.000000 9 0 1 21.559877 21.559877 21.559877 21.559877 21.559877 21.559877 196 
196 1 0.000000 364.506653 104.507996 934.000000 8331.000000 4 1 1 11.037037 113.051849 -1.000000 -1.000000 0.000000 -1.000000 195 236 
197 1 765.000000 23.840000 11.333334 100.000000 1000.000000 1 0 2 7.551800 2.097557 5.924602 5.924602 5.924602 5.924602 241 169 
198 1 1020.000000 69.840004 36.621330 322.000000 3316.000000 1 0 1 7.724759 2.317428 7.724759 7.724759 7.724759 7.724759 252 
199 1 1050.000000 68.264000 53.440002 495.000000 2955.000000 22 0 1 7.663084 2.298925 7.663084 7.663084 7.663084 7.663084 219 
200 1 0.000000 36.621330 53.440002 495.000000 2955.000000 33 7 1 -1.000000 -1.000000 -1.000000 -1.000000 -1.000000 -1.000000 206 250 219 161 163 217 192 219 
201 1 750.000000 65.037338 53.440002 495.000000 2955.000000 19 0 1 7.536812 2.261044 7.536812 7.536812 7.536812 7.536812 219 
202 1 725.000000 69.394669 53.440002 495.000000 2955.000000 19 0 1 7.707332 2.312199 7.707332 7.707332 7.707332 7.707332 219 
203 1 0.000000 72.506668 53.440002 495.000000 2955.000000 28 0 1 -1.000000 -1.000000 -1.000000 -1.000000 -1.000000 -1.000000 219 
204 1 0.000000 65.037338 53.440002 495.000000 2955.000000 0 0 1 -1.000000 -1.000000 -1.000000 -1.000000 -1.000000 -1.000000 219 
205 1 0.000000 19.360001 11.333334 100.000000 1000.000000 13 0 3 0.001250 -1.000000 -1.000000 -1.000000 -1.000000 -1.000000 169 241 252 
206 1 0.000000 22.760000 11.333334 100.000000 1000.000000 13 0 3 0.001250 -1.000000 -1.000000 -1.000000 -1.000000 -1.000000 200 241 169 
207 1 0.000000 21.760000 12.272000 109.000000 1029.000000 13 0 2 0.001300 -1.000000 -1.000000 -1.000000 -1.000000 -1.000000 241 252 
208 1 0.000000 52.306664 11.333334 100.000000 1000.000000 4 9 2 15.920070 152.241272 -1.000000 -1.000000 0.000000 -1.000000 241 248 247 244 242 246 240 243 245 169 241 
209 1 0.000000 1.333333 37.841331 334.000000 3331.000000 0 0 1 -1.000000 -1.000000 -1.000000 -1.000000 -1.000000 -1.000000 233 
210 1 0.000000 1.066667 13.976000 125.000000 1107.000000 0 0 1 -1.000000 -1.000000 -1.000000 -1.000000 -1.000000 -1.000000 248 
211 1 0.000000 2.500000 37.841331 334.000000 3331.000000 0 0 1 -1.000000 -1.000000 -1.000000 -1.000000 -1.000000 -1.000000 233 
212 1 1300.000000 42.173332 12.272000 109.000000 1029.000000 1 0 1 6.642056 1.992617 6.642056 6.642056 6.642056 6.642056 241 
213 1 875.000000 65.973335 36.621330 322.000000 3316.000000 1 0 1 7.573442 2.272032 7.573442 7.573442 7.573442 7.573442 252 
214 1 845.000000 70.506668 36.621330 322.000000 3316.000000 1 0 1 10.769848 3.230985 7.750848 7.750848 7.750848 7.750848 252 
215 1 825.000000 44.253334 53.440002 495.000000 2955.000000 19 0 1 6.723454 2.017036 6.723454 6.723454 6.723454 6.723454 219 
216 1 0.000000 15.839999 11.333334 100.000000 1000.000000 7 0 2 -1.000000 -1.000000 -1.000000 -1.000000 -1.000000 -1.000000 241 169 
217 1 0.000000 23.173334 11.333334 100.000000 1000.000000 7 0 3 -1.000000 -1.000000 -1.000000 -1.000000 -1.000000 -1.000000 200 241 169 
218 1 0.000000 22.253334 11.333334 100.000000 1000.000000 12 0 3 120.000000 5.392450 -1.000000 -1.000000 -1.000000 -0.916667 169 241 252 
219 1 0.000000 53.440002 11.333334 100.000000 1000.000000 5 11 3 17.047350 174.159073 -1.000000 -1.000000 0.000000 -1.000000 200 221 223 220 201 202 199 204 203 215 241 241 200 169 
220 1 960.000000 23.913334 53.440002 495.000000 2955.000000 19 0 1 5.927472 1.778242 5.927472 5.927472 5.927472 5.927472 219 
221 1 725.000000 22.126667 53.440002 495.000000 2955.000000 27 0 1 5.857553 5.857553 5.857553 5.857553 5.857553 5.857553 219 
222 0 575.000000 39.639999 0.000000 0.000000 0.000000 0 0 0 6.542917 6.542917 6.542917 6.542917 6.542917 6.542917 
223 1 720.000000 23.234667 53.440002 495.000000 2955.000000 27 0 1 5.900913 5.900913 5.900913 5.900913 5.900913 5.900913 219 
224 1 0.000000 23.506666 11.333334 100.000000 1000.000000 3 0 3 -1.000000 -1.000000 -1.000000 -1.000000 -1.000000 -1.000000 241 252 169 
225 1 1020.000000 72.581337 206.239990 1955.000000 8055.000000 21 0 1 7.832038 2.349611 7.832038 7.832038 7.832038 7.832038 158 
226 1 1020.000000 84.194664 164.906662 1555.000000 7055.000000 21 0 1 8.286512 2.485954 8.286512 8.286512 8.286512 8.286512 156 
227 1 825.000000 143.181335 164.906662 1555.000000 7055.000000 16 0 2 11.426113 2.809178 10.594887 10.594887 10.594887 10.594887 156 158 
228 1 0.000000 86.181335 164.906662 1555.000000 7055.000000 28 0 1 -1.000000 -1.000000 -1.000000 -1.000000 -1.000000 -1.000000 156 
229 1 1950.000000 112.848000 206.239990 1955.000000 8055.000000 21 0 1 9.407827 2.822348 9.407827 9.407827 9.407827 9.407827 158 
230 1 685.000000 74.848000 206.239990 1955.000000 8055.000000 16 0 1 7.802245 2.425383 7.920741 7.920741 7.920741 7.729408 158 
231 1 685.000000 79.114670 164.906662 1555.000000 7055.000000 16 0 1 9.139797 2.426314 8.087712 8.087712 8.087712 8.171046 156 
232 1 675.000000 82.914665 164.906662 1555.000000 7055.000000 16 0 1 10.638256 2.470926 8.236421 8.236421 8.236421 7.779971 156 
233 1 0.000000 37.841331 206.239990 1955.000000 8055.000000 30 2 1 -1.000000 -1.000000 -1.000000 -1.000000 -1.000000 -1.000000 209 211 158 
234 1 825.000000 75.781334 206.239990 1955.000000 8055.000000 16 0 1 8.081993 2.964276 7.957266 7.957266 7.957266 7.862993 158 
235 1 825.000000 285.514679 332.239990 3055.000000 20055.000000 16 0 2 15.930261 4.724453 16.164936 16.164936 16.164936 16.164936 257 258 
236 1 0.000000 104.507996 397.573334 3655.000000 24055.000000 30 9 1 -1.000000 -1.000000 -1.000000 -1.000000 -1.000000 -1.000000 258 257 256 181 182 180 175 194 196 258 
237 1 400.000000 251.514679 332.239990 3055.000000 20055.000000 16 0 1 14.399099 4.450316 14.834387 14.834387 14.834387 14.834387 257 
238 1 700.000000 227.447998 332.239990 3055.000000 20055.000000 16 0 1 13.921034 4.167769 13.892566 13.892566 13.892566 13.892566 257 
239 1 690.000000 240.181320 332.239990 3055.000000 20055.000000 16 0 1 14.390869 4.317261 14.390869 14.390869 14.390869 14.390869 257 
240 1 960.000000 23.913334 52.306664 485.000000 2855.000000 16 0 1 0.517998 5.254854 5.927472 5.927472 5.927472 4.023861 208 
241 1 0.000000 12.272000 52.306664 485.000000 2855.000000 30 21 2 -1.000000 -1.000000 -1.000000 -1.000000 -1.000000 -1.000000 205 218 208 207 255 224 162 158 156 216 154 193 197 212 191 173 219 206 250 217 192 208 219 
242 1 400.000000 20.889334 52.306664 485.000000 2855.000000 16 0 1 2.193446 1.742739 5.809131 5.809131 5.809131 4.939662 208 
243 1 1200.000000 28.330667 52.306664 485.000000 2855.000000 21 0 1 6.100339 1.830102 6.100339 6.100339 6.100339 6.100339 208 
244 1 650.000000 22.126667 52.306664 485.000000 2855.000000 16 0 1 3.285404 1.503413 5.857553 5.857553 5.857553 2.873795 208 
245 1 535.000000 27.497334 52.306664 485.000000 2855.000000 16 0 1 3.237421 2.182717 6.067728 6.067728 6.067728 3.603262 208 
246 1 630.000000 23.234667 52.306664 485.000000 2855.000000 16 0 1 4.226103 1.625323 5.900913 5.900913 5.900913 2.752688 208 
247 1 0.000000 25.213333 52.306664 485.000000 2855.000000 28 0 1 -1.000000 -1.000000 -1.000000 -1.000000 -1.000000 -1.000000 208 
248 1 0.000000 13.976000 52.306664 485.000000 2855.000000 24 2 1 -1.000000 -1.000000 -1.000000 -1.000000 -1.000000 -1.000000 210 174 208 
249 0 10.000000 25.213333 0.000000 0.000000 0.000000 0 0 0 5.978346 5.978346 5.978346 5.978346 5.978346 5.978346 
250 1 0.000000 23.386667 11.333334 100.000000 1000.000000 12 0 3 0.000000 0.000000 -1.000000 -1.000000 -1.000000 -1.000000 200 241 169 
251 1 500.000000 68.264000 206.239990 1955.000000 8055.000000 16 0 1 7.461939 2.298925 7.663084 7.663084 7.663084 7.876129 158 
252 1 0.000000 36.621330 206.239990 1955.000000 8055.000000 30 19 1 -1.000000 -1.000000 -1.000000 -1.000000 -1.000000 -1.000000 205 218 158 156 207 255 224 157 160 179 155 258 257 159 190 213 214 198 173 158 
253 1 685.000000 65.037338 206.239990 1955.000000 8055.000000 16 0 1 13.075202 2.272599 7.536812 7.536812 7.536812 8.695842 158 
254 1 675.000000 69.394669 206.239990 1955.000000 8055.000000 16 0 1 8.708988 2.312199 7.707332 7.707332 7.707332 7.196270 158 
255 1 0.000000 27.433334 11.333334 100.000000 1000.000000 3 0 3 -1.000000 -1.000000 -1.000000 -1.000000 -1.000000 -1.000000 241 252 169 
256 1 0.000000 409.306671 104.507996 934.000000 8331.000000 4 3 1 16.959661 193.024414 -1.000000 -1.000000 0.000000 -1.000000 171 172 170 236 
257 1 0.000000 332.239990 36.621330 322.000000 3316.000000 4 4 2 21.617512 217.527405 -1.000000 -1.000000 0.000000 -1.000000 238 239 237 235 236 252 
258 1 0.000000 397.573334 36.621330 322.000000 3316.000000 4 6 2 25.545458 242.146866 -1.000000 -1.000000 0.000000 -1.000000 236 188 186 187 189 235 252 236 
259 1 9250.000000 279.773346 408.906677 3755.000000 25055.000000 29 0 1 15.940257 15.940257 15.940257 15.940257 15.940257 15.940257 161 
0 
-1.000000 -1.000000 -1.000000 -1.000000 -1.000000 -1.000000 -1.000000 -1.000000 -1.000000 

13 163 175 180 181 182 191 192 193 197 198 212 213 214 
411.666656 22.732000 92.602982 43.164063 11.171875 20.606972 1300.000000 765.000000 945.384644 

1 194 
199.706665 199.706665 199.706665 58.984375 58.984375 58.984375 4550.000000 4550.000000 4550.000000 

2 224 255 
27.433334 23.506666 25.470001 14.062500 14.062500 14.062500 -1.000000 -1.000000 -1.000000 

9 155 156 158 162 196 208 256 257 258 
409.306671 52.306664 244.351105 171.875000 34.375000 100.347221 -1.000000 -1.000000 -1.000000 

2 161 219 
408.906677 53.440002 231.173340 171.875000 34.765625 103.320313 -1.000000 -1.000000 -1.000000 

0 
-1.000000 -1.000000 -1.000000 -1.000000 -1.000000 -1.000000 -1.000000 -1.000000 -1.000000 

3 159 216 217 
27.973333 15.839999 22.328888 19.531250 11.718750 15.885417 6000.000000 2500.000000 3666.666748 

1 190 
27.173334 27.173334 27.173334 15.625000 15.625000 15.625000 1000.000000 1000.000000 1000.000000 

1 195 
423.373352 423.373352 423.373352 105.468750 105.468750 105.468750 -1.000000 -1.000000 -1.000000 

0 
-1.000000 -1.000000 -1.000000 -1.000000 -1.000000 -1.000000 -1.000000 -1.000000 -1.000000 

0 
-1.000000 -1.000000 -1.000000 -1.000000 -1.000000 -1.000000 -1.000000 -1.000000 -1.000000 

4 160 179 218 250 
89.453331 22.253334 53.403332 38.671875 5.468750 21.386719 1000.000000 0.000000 430.000000 

4 157 205 206 207 
156.426666 19.360001 55.076664 17.968750 5.468750 9.277344 0.003750 0.001250 0.001887 

0 
-1.000000 -1.000000 -1.000000 -1.000000 -1.000000 -1.000000 -1.000000 -1.000000 -1.000000 

1 169 
11.333334 11.333334 11.333334 242.187500 242.187500 242.187500 -1.000000 -1.000000 -1.000000 

20 186 187 188 227 230 231 232 234 235 237 238 239 240 242 244 245 246 251 253 254 
285.514679 20.889334 124.233475 106.570313 10.312500 50.165428 960.000000 400.000000 663.000000 

8 164 165 166 167 170 171 172 176 
141.467987 24.201334 94.767998 72.156250 14.656250 50.759766 1300.000000 625.000000 845.000000 

0 
-1.000000 -1.000000 -1.000000 -1.000000 -1.000000 -1.000000 -1.000000 -1.000000 -1.000000 

6 184 185 201 202 215 220 
242.567993 23.913334 114.418449 84.062500 11.816406 43.611328 960.000000 725.000000 796.666687 

0 
-1.000000 -1.000000 -1.000000 -1.000000 -1.000000 -1.000000 -1.000000 -1.000000 -1.000000 

5 189 225 226 229 243 
253.839996 28.330667 110.358932 89.882813 14.609375 45.085938 -1.000000 -1.000000 -1.000000 

2 183 199 
253.839996 68.264000 161.052002 89.882813 30.468750 60.175781 -1.000000 -1.000000 -1.000000 

0 
-1.000000 -1.000000 -1.000000 -1.000000 -1.000000 -1.000000 -1.000000 -1.000000 -1.000000 

1 248 
13.976000 13.976000 13.976000 6.015625 6.015625 6.015625 -1.000000 -1.000000 -1.000000 

1 177 
26.601334 26.601334 26.601334 16.453125 16.453125 16.453125 -1.000000 -1.000000 -1.000000 

0 
-1.000000 -1.000000 -1.000000 -1.000000 -1.000000 -1.000000 -1.000000 -1.000000 -1.000000 

2 221 223 
23.234667 22.126667 22.680668 11.601563 11.171875 11.386719 -1.000000 -1.000000 -1.000000 

3 203 228 247 
86.181335 25.213333 61.300446 34.687500 11.601563 25.742188 -1.000000 -1.000000 -1.000000 

1 259 
279.773346 279.773346 279.773346 100.531250 100.531250 100.531250 -1.000000 -1.000000 -1.000000 

5 169 233 236 241 252 
104.507996 11.333334 40.515198 242.187500 5.585938 62.805470 -1.000000 -1.000000 -1.000000 

0 
-1.000000 -1.000000 -1.000000 -1.000000 -1.000000 -1.000000 -1.000000 -1.000000 -1.000000 

0 
-1.000000 -1.000000 -1.000000 -1.000000 -1.000000 -1.000000 -1.000000 -1.000000 -1.000000 

1 200 
36.621330 36.621330 36.621330 15.468750 15.468750 15.468750 -1.000000 -1.000000 -1.000000 

31.500000 75.000000 44.500000 50.617500 

154.500000 300.000000 146.500000 221.812500 

-1.000000 -1.000000 1.000000 -1.000000 

45.000000 81.000000 37.000000 69.250000 

-1.000000 -1.000000 1.000000 -1.000000 

-431602080.000000 -431602080.000000 0.000000 -431602080.000000 

0 
-1.000000 -1.000000 -1.000000 -1.000000 -1.000000 -1.000000 -1.000000 -1.000000 -1.000000 

15 4 5 13 14 19 21 26 27 42 48 49 63 64 73 74 
165.773346 11.373334 73.654495 28.515625 5.859375 20.052084 1400.000000 675.000000 900.666687 

1 20 
214.573334 214.573334 214.573334 60.937500 60.937500 60.937500 4950.000000 4950.000000 4950.000000 

2 100 105 
28.906668 26.639999 27.773335 14.062500 14.062500 14.062500 -1.000000 -1.000000 -1.000000 

7 6 11 22 101 103 109 110 
424.773346 80.906662 268.201904 179.687500 43.750000 105.133926 -1.000000 -1.000000 -1.000000 

2 10 99 
420.239990 83.040001 251.639999 179.687500 44.531250 112.109375 -1.000000 -1.000000 -1.000000 

0 
-1.000000 -1.000000 -1.000000 -1.000000 -1.000000 -1.000000 -1.000000 -1.000000 -1.000000 

4 8 96 97 102 
29.106665 3.933333 18.263332 16.406250 0.468750 10.078125 5000.000000 1250.000000 2812.500000 

1 41 
30.439999 30.439999 30.439999 17.968750 17.968750 17.968750 850.000000 850.000000 850.000000 

1 95 
478.706635 478.706635 478.706635 110.937500 110.937500 110.937500 -1.000000 -1.000000 -1.000000 

0 
-1.000000 -1.000000 -1.000000 -1.000000 -1.000000 -1.000000 -1.000000 -1.000000 -1.000000 

0 
-1.000000 -1.000000 -1.000000 -1.000000 -1.000000 -1.000000 -1.000000 -1.000000 -1.000000 

5 9 18 98 104 106 
392.639984 6.530666 117.174118 47.265625 2.343750 22.968750 2000.000000 0.000000 646.000000 

4 7 65 66 108 
166.580002 23.546665 62.311665 18.359375 6.640625 11.621094 0.003750 0.001250 0.001887 

0 
-1.000000 -1.000000 -1.000000 -1.000000 -1.000000 -1.000000 -1.000000 -1.000000 -1.000000 

1 15 
11.333334 11.333334 11.333334 242.187500 242.187500 242.187500 -1.000000 -1.000000 -1.000000 

20 32 33 35 36 38 39 55 56 58 59 60 61 84 85 87 88 89 91 92 93 
303.113342 26.053333 137.867325 96.523438 13.750000 53.547852 970.000000 500.000000 733.500000 

8 23 24 25 43 67 68 69 70 
181.067993 29.001333 108.843002 79.968750 15.648438 52.543945 1250.000000 630.000000 815.000000 

0 
-1.000000 -1.000000 -1.000000 -1.000000 -1.000000 -1.000000 -1.000000 -1.000000 -1.000000 

9 12 29 30 50 51 53 77 78 79 
297.279999 26.053333 108.256294 94.960938 13.750000 45.623699 970.000000 550.000000 730.000000 

0 
-1.000000 -1.000000 -1.000000 -1.000000 -1.000000 -1.000000 -1.000000 -1.000000 -1.000000 

5 31 54 81 82 83 
319.946686 33.186668 137.594666 102.773438 18.476563 55.906250 -1.000000 -1.000000 -1.000000 

2 28 75 
319.946686 123.680008 221.813354 102.773438 58.242188 80.507813 -1.000000 -1.000000 -1.000000 

0 
-1.000000 -1.000000 -1.000000 -1.000000 -1.000000 -1.000000 -1.000000 -1.000000 -1.000000 

1 62 
17.346668 17.346668 17.346668 9.023438 9.023438 9.023438 -1.000000 -1.000000 -1.000000 

1 44 
31.467999 31.467999 31.467999 17.234375 17.234375 17.234375 -1.000000 -1.000000 -1.000000 

0 
-1.000000 -1.000000 -1.000000 -1.000000 -1.000000 -1.000000 -1.000000 -1.000000 -1.000000 

0 
-1.000000 -1.000000 -1.000000 -1.000000 -1.000000 -1.000000 -1.000000 -1.000000 -1.000000 

0 
-1.000000 -1.000000 -1.000000 -1.000000 -1.000000 -1.000000 -1.000000 -1.000000 -1.000000 

3 37 40 107 
511.279968 290.906677 396.711090 165.273438 104.437500 131.973953 -1.000000 -1.000000 -1.000000 

5 15 34 57 86 90 
99.310669 11.333334 44.033867 242.187500 7.304688 67.394531 -1.000000 -1.000000 -1.000000 

0 
-1.000000 -1.000000 -1.000000 -1.000000 -1.000000 -1.000000 -1.000000 -1.000000 -1.000000 

0 
-1.000000 -1.000000 -1.000000 -1.000000 -1.000000 -1.000000 -1.000000 -1.000000 -1.000000 

1 76 
43.977333 43.977333 43.977333 21.894531 21.894531 21.894531 -1.000000 -1.000000 -1.000000 

27.000000 58.500000 32.500000 44.820000 

145.500000 279.000000 134.500000 191.625000 

-1.000000 -1.000000 1.000000 -1.000000 

43.500000 82.500000 40.000000 71.666664 

-1.000000 -1.000000 1.000000 -1.000000 

-431602080.000000 -431602080.000000 0.000000 -431602080.000000 

