MOD_LEARN_0_75 
28.125000 31.250000 31.250000 10.000000 0.000000 
40.540539 31.250000 45.045044 14.414414 0.000000 
28.125000 31.250000 31.250000 10.000000 0.000000 
28.125000 31.250000 31.250000 10.000000 0.000000 
38.834435 31.250000 46.337547 14.828016 0.000000 
62.962963 10.000000 10.000000 10.000000 0.000000 
75.892853 10.000000 12.053571 12.053571 0.000000 
62.962963 10.000000 10.000000 10.000000 0.000000 
62.962963 10.000000 10.000000 10.000000 0.000000 
75.459534 10.000000 12.270233 12.270233 0.000000 
1 0 0.000000 99.570663 0.000000 0.000000 0.000000 0 12 0 -1.000000 -1.000000 -1.000000 -1.000000 -1.000000 -1.000000 197 194 201 200 117 128 149 121 151 192 194 195 
2 1 0.000000 705.135986 99.570663 840.000000 11678.000000 12 0 2 2500.000000 3.545415 -1.000000 -1.000000 -1.000000 -1.000000 17 4 
3 1 1500.000000 1580.118652 570.805298 5434.000000 20554.000000 18 0 1 7.022125 7.022125 7.022125 7.022125 7.022125 7.022125 165 
4 1 0.000000 99.570663 181.510666 1734.000000 6083.000000 31 15 2 -1.000000 -1.000000 -1.000000 -1.000000 -1.000000 -1.000000 181 179 165 47 180 21 166 27 116 178 22 44 46 6 2 123 47 
5 1 0.000000 35.900002 33.304001 280.000000 3978.000000 12 0 2 100.000000 2.785515 -1.000000 -1.000000 -1.000000 -1.000000 11 12 
6 1 0.000000 352.237335 99.570663 840.000000 11678.000000 6 0 2 -1.000000 -1.000000 -1.000000 -1.000000 -1.000000 -1.000000 17 4 
7 1 1500.000000 2703.474609 570.805298 5434.000000 20554.000000 19 0 1 8.463990 8.463990 8.463990 8.463990 8.463990 8.463990 165 
8 1 700.000000 84.785332 406.621338 3905.000000 12091.000000 16 0 1 5.102815 5.102815 5.102815 5.102815 5.102815 5.102815 47 
9 1 1200.000000 2904.141357 570.805298 5434.000000 20554.000000 19 0 1 8.721553 8.721553 8.721553 8.721553 8.721553 8.721553 165 
10 1 3000.000000 4460.280273 473.372009 4349.000000 28854.000000 0 0 1 10.718909 10.718909 10.718909 10.718909 10.718909 10.718909 17 
11 1 1500.000000 2504.706543 0.000000 0.000000 0.000000 15 8 0 8.208864 8.208864 8.208864 8.208864 8.208864 -1.000000 14 5 160 37 19 182 28 32 
12 1 0.000000 33.304001 63.945332 612.000000 2059.000000 31 13 2 -1.000000 -1.000000 -1.000000 -1.000000 -1.000000 -1.000000 14 5 123 160 37 19 40 15 177 182 39 32 28 160 47 
13 1 470.000000 59.785332 181.510666 1734.000000 6083.000000 16 0 1 5.070726 5.070726 5.070726 5.070726 5.070726 5.070726 123 
14 1 0.000000 10.794667 33.304001 280.000000 3978.000000 13 0 2 0.001800 -1.000000 -1.000000 -1.000000 -1.000000 -1.000000 11 12 
15 1 950.000000 35.533333 33.304001 280.000000 3978.000000 1 0 1 5.039598 5.039598 5.039598 5.039598 5.039598 5.039598 12 
16 1 650.000000 842.373352 570.805298 5434.000000 20554.000000 18 0 1 6.075204 6.075204 6.075204 6.075204 6.075204 6.075204 165 
17 1 0.000000 473.372009 406.621338 3905.000000 12091.000000 31 8 2 -1.000000 -1.000000 -1.000000 -1.000000 -1.000000 -1.000000 2 29 10 116 48 20 6 49 165 47 
18 1 0.000000 410.375977 406.621338 3905.000000 12091.000000 0 0 1 -1.000000 -1.000000 -1.000000 -1.000000 -1.000000 -1.000000 47 
19 1 650.000000 40.333336 33.304001 280.000000 3978.000000 1 0 2 6.926514 5.045759 5.045759 5.045759 5.045759 5.045759 12 11 
20 1 0.000000 2385.527832 473.372009 4349.000000 28854.000000 12 0 1 5200.000000 2.179811 -1.000000 -1.000000 -1.000000 -1.000000 17 
21 1 1050.000000 180.042664 99.570663 840.000000 11678.000000 1 0 1 5.225080 5.225080 5.225080 5.225080 5.225080 5.225080 4 
22 1 1400.000000 312.200012 99.570663 840.000000 11678.000000 1 0 1 5.394709 5.394709 5.394709 5.394709 5.394709 5.394709 4 
23 0 600.000000 153.006668 0.000000 0.000000 0.000000 0 0 0 5.190379 5.190379 5.190379 5.190379 5.190379 5.190379 
24 1 780.000000 381.809326 406.621338 3905.000000 12091.000000 17 0 2 5.484055 5.484055 5.484055 5.484055 5.484055 5.484055 165 47 
25 1 780.000000 541.500000 2295.045410 21540.000000 105784.000000 18 0 1 5.689023 5.689023 5.689023 5.689023 5.689023 5.689023 49 
26 1 780.000000 394.833313 2295.045410 21540.000000 105784.000000 18 0 1 5.500772 5.500772 5.500772 5.500772 5.500772 5.500772 49 
27 1 1600.000000 360.693329 99.570663 840.000000 11678.000000 1 0 1 5.456952 5.456952 5.456952 5.456952 5.456952 5.456952 4 
28 1 0.000000 39.099998 33.304001 280.000000 3978.000000 7 0 2 50.000000 -1.000000 -1.000000 -1.000000 -1.000000 -1.000000 12 11 
29 1 0.000000 621.151978 473.372009 4349.000000 28854.000000 13 0 1 0.017000 -1.000000 -1.000000 -1.000000 -1.000000 -1.000000 17 
30 1 1300.000000 1303.800049 570.805298 5434.000000 20554.000000 18 0 1 6.667461 6.667461 6.667461 6.667461 6.667461 6.667461 165 
31 1 600.000000 148.673340 181.510666 1734.000000 6083.000000 17 0 1 5.184817 5.184817 5.184817 5.184817 5.184817 5.184817 123 
32 1 0.000000 169.045334 33.304001 280.000000 3978.000000 12 0 2 20.000000 0.118311 -1.000000 -1.000000 -1.000000 -1.000000 12 11 
33 1 700.000000 191.142670 181.510666 1734.000000 6083.000000 17 0 2 5.239328 5.239328 5.239328 5.239328 5.239328 5.239328 47 123 
34 1 650.000000 82.209335 63.945332 612.000000 2059.000000 16 0 2 5.099508 5.099508 5.099508 5.099508 5.099508 5.099508 47 160 
35 1 650.000000 86.833328 2295.045410 21540.000000 105784.000000 16 0 1 5.105443 5.105443 5.105443 5.105443 5.105443 5.105443 49 
36 1 700.000000 197.500000 2295.045410 21540.000000 105784.000000 17 0 1 5.247488 5.247488 5.247488 5.247488 5.247488 5.247488 49 
37 1 0.000000 4.682667 33.304001 280.000000 3978.000000 14 0 2 0.011050 -1.000000 -1.000000 -1.000000 -1.000000 -1.000000 12 11 
38 0 0.000000 7.542666 0.000000 0.000000 0.000000 0 0 0 -1.000000 -1.000000 -1.000000 -1.000000 -1.000000 -1.000000 
39 1 0.000000 141.974670 33.304001 280.000000 3978.000000 12 0 1 300.000000 2.113053 -1.000000 -1.000000 -1.000000 -1.000000 12 
40 1 1250.000000 125.026672 33.304001 280.000000 3978.000000 1 0 1 5.154466 5.154466 5.154466 5.154466 5.154466 5.154466 12 
41 1 0.000000 21.409334 406.621338 3905.000000 12091.000000 0 0 1 -1.000000 -1.000000 -1.000000 -1.000000 -1.000000 -1.000000 47 
42 1 0.000000 5.876000 63.945332 612.000000 2059.000000 25 0 1 -1.000000 -1.000000 -1.000000 -1.000000 -1.000000 -1.000000 160 
43 1 0.000000 25.885334 181.510666 1734.000000 6083.000000 0 0 2 -1.000000 -1.000000 -1.000000 -1.000000 -1.000000 -1.000000 47 123 
44 1 0.000000 86.566666 99.570663 840.000000 11678.000000 8 0 1 445.000000 -1.000000 -1.000000 -1.000000 -1.000000 -1.000000 4 
45 1 950.000000 411.426666 570.805298 5434.000000 20554.000000 18 0 1 5.522069 5.522069 5.522069 5.522069 5.522069 5.522069 165 
46 1 0.000000 212.433319 99.570663 840.000000 11678.000000 7 0 1 393.000000 -1.000000 -1.000000 -1.000000 -1.000000 -1.000000 4 
47 1 0.000000 406.621338 99.570663 840.000000 11678.000000 4 14 1 38.886532 446.800995 -1.000000 -1.000000 0.000000 -1.000000 12 4 17 43 153 56 8 115 104 41 34 33 24 18 4 
48 1 0.000000 847.205383 473.372009 4349.000000 28854.000000 0 0 1 -1.000000 -1.000000 -1.000000 -1.000000 -1.000000 -1.000000 17 
49 1 0.000000 2295.045410 473.372009 4349.000000 28854.000000 4 4 1 2785.000000 20000.000000 -1.000000 -1.000000 0.000000 -1.000000 35 36 26 25 17 
50 2 1050.000000 177.281342 100.037338 850.000000 11278.000000 1 0 1 5.221536 5.221536 5.221536 5.221536 5.221536 5.221536 57 
51 2 500.000000 61.526665 191.430664 1834.000000 6023.000000 16 0 1 5.072961 5.072961 5.072961 5.072961 5.072961 5.072961 78 
52 0 440.000000 37.766666 0.000000 0.000000 0.000000 0 0 0 5.042464 5.042464 5.042464 5.042464 5.042464 5.042464 
53 2 2650.000000 1785.806641 506.862640 4692.000000 28247.000000 12 0 1 25.000000 0.013999 7.286133 7.286133 7.286133 7.286133 68 
54 0 685.000000 2504.706543 0.000000 0.000000 0.000000 0 7 0 8.208864 8.208864 8.208864 8.208864 8.208864 8.208864 126 159 199 137 130 122 134 
55 2 0.000000 634.757324 100.037338 850.000000 11278.000000 12 0 2 2300.000000 3.623432 -1.000000 -1.000000 -1.000000 -1.000000 68 57 
56 1 0.000000 80.249336 406.621338 3905.000000 12091.000000 0 0 1 -1.000000 -1.000000 -1.000000 -1.000000 -1.000000 -1.000000 47 
57 2 0.000000 100.037338 191.430664 1834.000000 6023.000000 31 15 2 -1.000000 -1.000000 -1.000000 -1.000000 -1.000000 -1.000000 190 188 97 96 189 50 71 75 108 187 72 91 94 59 55 78 96 
58 2 0.000000 36.410667 32.437332 270.000000 4078.000000 12 0 2 100.000000 2.746448 -1.000000 -1.000000 -1.000000 -1.000000 62 63 
59 2 0.000000 375.980011 100.037338 850.000000 11278.000000 6 0 2 -1.000000 -1.000000 -1.000000 -1.000000 -1.000000 -1.000000 68 57 
60 2 0.000000 1638.594727 506.862640 4692.000000 28247.000000 4 1 1 78.933334 314.666656 -1.000000 -1.000000 0.000000 -1.000000 101 68 
61 2 3000.000000 4702.973633 506.862640 4692.000000 28247.000000 0 0 1 11.030415 11.030415 11.030415 11.030415 11.030415 11.030415 68 
62 2 850.000000 2504.706543 0.000000 0.000000 0.000000 15 8 0 8.208864 8.208864 8.208864 8.208864 8.208864 -1.000000 65 58 95 84 93 191 77 81 
63 2 0.000000 32.437332 65.841331 631.000000 2056.000000 31 13 2 -1.000000 -1.000000 -1.000000 -1.000000 -1.000000 -1.000000 65 58 78 95 84 93 87 66 186 191 86 81 77 95 96 
64 2 1400.000000 2895.319824 585.261353 5579.000000 20521.000000 18 0 1 8.710230 8.710230 8.710230 8.710230 8.710230 8.710230 97 
65 2 0.000000 11.585333 32.437332 270.000000 4078.000000 13 0 2 0.001800 -1.000000 -1.000000 -1.000000 -1.000000 -1.000000 62 63 
66 2 950.000000 36.493336 32.437332 270.000000 4078.000000 1 0 1 5.040830 5.040830 5.040830 5.040830 5.040830 5.040830 63 
67 2 600.000000 888.675964 585.261353 5579.000000 20521.000000 17 0 1 6.134635 6.134635 6.134635 6.134635 6.134635 6.134635 97 
68 2 0.000000 506.862640 416.693298 4005.000000 12145.000000 31 9 2 -1.000000 -1.000000 -1.000000 -1.000000 -1.000000 -1.000000 60 55 79 61 108 98 70 59 53 97 96 
69 2 0.000000 422.542664 416.693298 4005.000000 12145.000000 0 0 1 -1.000000 -1.000000 -1.000000 -1.000000 -1.000000 -1.000000 96 
70 2 0.000000 2467.355957 506.862640 4692.000000 28247.000000 12 0 1 5200.000000 2.107519 -1.000000 -1.000000 -1.000000 -1.000000 68 
71 2 1350.000000 280.065338 100.037338 850.000000 11278.000000 1 0 1 5.353463 5.353463 5.353463 5.353463 5.353463 5.353463 57 
72 2 1400.000000 324.493347 100.037338 850.000000 11278.000000 1 0 1 5.410488 5.410488 5.410488 5.410488 5.410488 5.410488 57 
73 2 750.000000 392.209320 416.693298 4005.000000 12145.000000 16 0 2 5.497404 5.497404 5.497404 5.497404 5.497404 5.497404 97 96 
74 2 700.000000 87.545334 416.693298 4005.000000 12145.000000 16 0 1 5.106357 5.106357 5.106357 5.106357 5.106357 5.106357 96 
75 2 1550.000000 368.958679 100.037338 850.000000 11278.000000 1 0 1 5.467560 5.467560 5.467560 5.467560 5.467560 5.467560 57 
76 2 1100.000000 718.041321 416.693298 4005.000000 12145.000000 17 0 1 5.915620 5.915620 5.915620 5.915620 5.915620 5.915620 96 
77 2 0.000000 42.266666 32.437332 270.000000 4078.000000 7 0 2 50.000000 -1.000000 -1.000000 -1.000000 -1.000000 -1.000000 63 62 
78 2 0.000000 191.430664 32.437332 270.000000 4078.000000 4 9 1 27.808037 281.170685 -1.000000 -1.000000 0.000000 -1.000000 57 90 133 51 80 157 102 110 82 63 
79 2 0.000000 644.903992 506.862640 4692.000000 28247.000000 13 0 1 0.017000 -1.000000 -1.000000 -1.000000 -1.000000 -1.000000 68 
80 2 600.000000 154.193329 191.430664 1834.000000 6023.000000 16 0 1 5.191902 5.191902 5.191902 5.191902 5.191902 5.191902 78 
81 2 0.000000 178.712006 32.437332 270.000000 4078.000000 0 0 2 -1.000000 -1.000000 -1.000000 -1.000000 -1.000000 -1.000000 63 62 
82 2 650.000000 178.542664 191.430664 1834.000000 6023.000000 16 0 2 5.223155 5.223155 5.223155 5.223155 5.223155 5.223155 96 78 
83 2 600.000000 81.829330 65.841331 631.000000 2056.000000 16 0 2 5.099020 5.099020 5.099020 5.099020 5.099020 5.099020 96 95 
84 2 0.000000 4.733334 32.437332 270.000000 4078.000000 14 0 2 0.011050 -1.000000 -1.000000 -1.000000 -1.000000 -1.000000 63 62 
85 0 0.000000 8.242666 0.000000 0.000000 0.000000 0 0 0 -1.000000 -1.000000 -1.000000 -1.000000 -1.000000 -1.000000 
86 2 0.000000 130.641327 32.437332 270.000000 4078.000000 12 0 1 280.000000 2.143273 -1.000000 -1.000000 -1.000000 -1.000000 63 
87 2 1200.000000 129.293335 32.437332 270.000000 4078.000000 1 0 1 5.159942 5.159942 5.159942 5.159942 5.159942 5.159942 63 
88 2 0.000000 22.870667 416.693298 4005.000000 12145.000000 0 0 1 -1.000000 -1.000000 -1.000000 -1.000000 -1.000000 -1.000000 96 
89 2 0.000000 6.062667 65.841331 631.000000 2056.000000 25 0 1 -1.000000 -1.000000 -1.000000 -1.000000 -1.000000 -1.000000 95 
90 2 0.000000 24.204000 191.430664 1834.000000 6023.000000 0 0 2 -1.000000 -1.000000 -1.000000 -1.000000 -1.000000 -1.000000 96 78 
91 2 0.000000 86.733330 100.037338 850.000000 11278.000000 8 0 1 444.000000 -1.000000 -1.000000 -1.000000 -1.000000 -1.000000 57 
92 2 950.000000 394.293335 585.261353 5579.000000 20521.000000 16 0 1 5.500078 5.500078 5.500078 5.500078 5.500078 5.500078 97 
93 2 600.000000 41.726665 32.437332 270.000000 4078.000000 1 0 2 6.254583 5.047547 5.047547 5.047547 5.047547 5.047547 63 62 
94 2 0.000000 218.933319 100.037338 850.000000 11278.000000 7 0 1 393.000000 -1.000000 -1.000000 -1.000000 -1.000000 -1.000000 57 
95 2 0.000000 65.841331 32.437332 270.000000 4078.000000 4 6 2 17.204657 214.721191 -1.000000 -1.000000 0.000000 -1.000000 63 174 119 156 83 89 62 63 
96 2 0.000000 416.693298 100.037338 850.000000 11278.000000 4 14 1 39.648315 411.600525 -1.000000 -1.000000 0.000000 -1.000000 63 57 68 90 175 140 74 154 76 88 83 82 73 69 57 
97 2 0.000000 585.261353 100.037338 850.000000 11278.000000 4 12 1 47.166286 334.533569 -1.000000 -1.000000 0.000000 -1.000000 68 144 164 148 171 67 161 64 132 107 73 92 57 
98 2 0.000000 833.198608 506.862640 4692.000000 28247.000000 0 0 1 -1.000000 -1.000000 -1.000000 -1.000000 -1.000000 -1.000000 68 
99 0 600.000000 148.193329 0.000000 0.000000 0.000000 0 0 0 5.184201 5.184201 5.184201 5.184201 5.184201 5.184201 
100 0 0.000000 34.637337 0.000000 0.000000 0.000000 0 12 0 -1.000000 -1.000000 -1.000000 -1.000000 -1.000000 -1.000000 126 159 196 199 137 127 143 106 130 141 134 122 
101 2 2100.000000 15586.666992 1638.594727 15579.000000 60521.000000 19 0 1 25.000000 25.000000 25.000000 25.000000 25.000000 25.000000 60 
102 2 700.000000 180.143997 191.430664 1834.000000 6023.000000 16 0 1 5.225211 5.225211 5.225211 5.225211 5.225211 5.225211 78 
103 1 700.000000 364.503998 570.805298 5434.000000 20554.000000 17 0 1 5.461843 5.461843 5.461843 5.461843 5.461843 5.461843 165 
104 1 1300.000000 387.471985 406.621338 3905.000000 12091.000000 17 0 1 5.491323 5.491323 5.491323 5.491323 5.491323 5.491323 47 
105 1 1400.000000 289.901337 570.805298 5434.000000 20554.000000 17 0 1 5.366088 5.366088 5.366088 5.366088 5.366088 5.366088 165 
106 0 0.000000 71.199997 0.000000 0.000000 0.000000 0 0 0 -1.000000 -1.000000 -1.000000 -1.000000 -1.000000 -1.000000 
107 2 1350.000000 5691.319824 585.261353 5579.000000 20521.000000 18 0 1 12.298990 12.298990 12.298990 12.298990 12.298990 12.298990 97 
108 2 1050.000000 574.791992 100.037338 850.000000 11278.000000 0 0 2 5.731754 5.731754 5.731754 5.731754 5.731754 5.731754 68 57 
109 1 2300.000000 1589.733276 570.805298 5434.000000 20554.000000 18 0 1 7.034466 7.034466 7.034466 7.034466 7.034466 7.034466 165 
110 2 850.000000 296.122650 191.430664 1834.000000 6023.000000 16 0 1 5.374073 5.374073 5.374073 5.374073 5.374073 5.374073 78 
111 0 685.000000 258.721344 0.000000 0.000000 0.000000 0 0 0 5.326067 5.326067 5.326067 5.326067 5.326067 5.326067 
112 0 785.000000 395.542664 0.000000 0.000000 0.000000 0 0 0 5.501682 5.501682 5.501682 5.501682 5.501682 5.501682 
113 0 440.000000 73.000000 0.000000 0.000000 0.000000 0 0 0 5.087687 5.087687 5.087687 5.087687 5.087687 5.087687 
114 0 1285.000000 5424.653320 0.000000 0.000000 0.000000 0 0 0 11.956715 11.956715 11.956715 11.956715 11.956715 11.956715 
115 1 800.000000 150.612000 406.621338 3905.000000 12091.000000 17 0 1 5.187305 5.187305 5.187305 5.187305 5.187305 5.187305 47 
116 1 1050.000000 565.375977 99.570663 840.000000 11678.000000 0 0 2 5.719669 5.719669 5.719669 5.719669 5.719669 5.719669 17 4 
117 0 1400.000000 346.666687 0.000000 0.000000 0.000000 0 0 0 5.438948 5.438948 5.438948 5.438948 5.438948 5.438948 
118 0 1350.000000 275.333313 0.000000 0.000000 0.000000 0 0 0 5.347389 5.347389 5.347389 5.347389 5.347389 5.347389 
119 2 450.000000 34.865334 65.841331 631.000000 2056.000000 16 0 1 5.038741 5.038741 5.038741 5.038741 5.038741 5.038741 95 
120 0 900.000000 2504.706543 0.000000 0.000000 0.000000 0 0 0 8.208864 8.208864 8.208864 8.208864 8.208864 8.208864 
121 0 1085.000000 222.399994 0.000000 0.000000 0.000000 0 0 0 5.279448 5.279448 5.279448 5.279448 5.279448 5.279448 
122 0 0.000000 46.120003 0.000000 0.000000 0.000000 0 0 0 -1.000000 -1.000000 -1.000000 -1.000000 -1.000000 -1.000000 
123 1 0.000000 181.510666 33.304001 280.000000 3978.000000 4 8 1 28.035299 293.751282 -1.000000 -1.000000 0.000000 -1.000000 4 43 13 169 31 142 129 33 12 
124 0 0.000000 2967.333496 0.000000 0.000000 0.000000 0 0 0 -1.000000 -1.000000 -1.000000 -1.000000 -1.000000 -1.000000 
125 1 700.000000 42.405334 63.945332 612.000000 2059.000000 16 0 1 5.287137 5.048419 5.048419 5.048419 5.048419 5.048419 160 
126 0 0.000000 11.724000 0.000000 0.000000 0.000000 0 0 0 -1.000000 -1.000000 -1.000000 -1.000000 -1.000000 -1.000000 
127 0 590.000000 43.973335 0.000000 0.000000 0.000000 0 0 0 5.050431 5.050431 5.050431 5.050431 5.050431 5.050431 
128 0 0.000000 104.933334 0.000000 0.000000 0.000000 0 0 0 -1.000000 -1.000000 -1.000000 -1.000000 -1.000000 -1.000000 
129 1 700.000000 256.054657 181.510666 1734.000000 6083.000000 17 0 1 5.322644 5.322644 5.322644 5.322644 5.322644 5.322644 123 
130 0 0.000000 86.466667 0.000000 0.000000 0.000000 0 0 0 -1.000000 -1.000000 -1.000000 -1.000000 -1.000000 -1.000000 
131 0 1100.000000 1258.502686 0.000000 0.000000 0.000000 0 0 0 6.609320 6.609320 6.609320 6.609320 6.609320 6.609320 
132 2 1250.000000 1868.656006 585.261353 5579.000000 20521.000000 17 0 1 7.392472 7.392472 7.392472 7.392472 7.392472 7.392472 97 
133 2 450.000000 61.875999 191.430664 1834.000000 6023.000000 16 0 1 5.073410 5.073410 5.073410 5.073410 5.073410 5.073410 78 
134 0 0.000000 174.839996 0.000000 0.000000 0.000000 0 0 0 -1.000000 -1.000000 -1.000000 -1.000000 -1.000000 -1.000000 
135 0 725.000000 197.542664 0.000000 0.000000 0.000000 0 0 0 5.247542 5.247542 5.247542 5.247542 5.247542 5.247542 
136 0 685.000000 84.076004 0.000000 0.000000 0.000000 0 0 0 5.101904 5.101904 5.101904 5.101904 5.101904 5.101904 
137 0 0.000000 4.926667 0.000000 0.000000 0.000000 0 0 0 -1.000000 -1.000000 -1.000000 -1.000000 -1.000000 -1.000000 
138 0 1100.000000 5424.653320 0.000000 0.000000 0.000000 0 0 0 11.956715 11.956715 11.956715 11.956715 11.956715 11.956715 
139 0 2800.000000 1615.000000 0.000000 0.000000 0.000000 0 0 0 7.066896 7.066896 7.066896 7.066896 7.066896 7.066896 
140 2 0.000000 77.249336 416.693298 4005.000000 12145.000000 0 0 1 -1.000000 -1.000000 -1.000000 -1.000000 -1.000000 -1.000000 96 
141 0 0.000000 151.333344 0.000000 0.000000 0.000000 0 0 0 -1.000000 -1.000000 -1.000000 -1.000000 -1.000000 -1.000000 
142 1 700.000000 148.671997 181.510666 1734.000000 6083.000000 17 0 1 8.151099 5.184815 5.184815 5.184815 5.184815 5.351482 123 
143 0 1185.000000 127.106667 0.000000 0.000000 0.000000 0 0 0 5.157135 5.157135 5.157135 5.157135 5.157135 5.157135 
144 2 650.000000 336.161316 585.261353 5579.000000 20521.000000 16 0 1 5.425464 5.425464 5.425464 5.425464 5.425464 5.425464 97 
145 0 0.000000 5.876000 0.000000 0.000000 0.000000 0 0 0 -1.000000 -1.000000 -1.000000 -1.000000 -1.000000 -1.000000 
146 1 1050.000000 1001.244019 570.805298 5434.000000 20554.000000 18 0 1 6.279120 6.279120 6.279120 6.279120 6.279120 6.279120 165 
147 1 900.000000 342.567993 570.805298 5434.000000 20554.000000 17 0 1 5.433687 5.433687 5.433687 5.433687 5.433687 5.433687 165 
148 2 1100.000000 833.250671 585.261353 5579.000000 20521.000000 17 0 1 6.063495 6.063495 6.063495 6.063495 6.063495 6.063495 97 
149 0 0.000000 120.333336 0.000000 0.000000 0.000000 0 0 0 -1.000000 -1.000000 -1.000000 -1.000000 -1.000000 -1.000000 
150 0 600.000000 154.193329 0.000000 0.000000 0.000000 0 0 0 5.191902 5.191902 5.191902 5.191902 5.191902 5.191902 
151 0 0.000000 245.233322 0.000000 0.000000 0.000000 0 0 0 -1.000000 -1.000000 -1.000000 -1.000000 -1.000000 -1.000000 
152 0 685.000000 258.721344 0.000000 0.000000 0.000000 0 0 0 5.326067 5.326067 5.326067 5.326067 5.326067 5.326067 
153 1 520.000000 69.423996 406.621338 3905.000000 12091.000000 16 0 1 5.083097 5.083097 5.083097 5.083097 5.083097 5.083097 47 
154 2 700.000000 363.870667 416.693298 4005.000000 12145.000000 16 0 1 5.461030 5.461030 5.461030 5.461030 5.461030 5.461030 96 
155 0 1100.000000 506.842682 0.000000 0.000000 0.000000 0 0 0 5.644539 5.644539 5.644539 5.644539 5.644539 5.644539 
156 2 850.000000 44.132000 65.841331 631.000000 2056.000000 16 0 1 5.050634 5.050634 5.050634 5.050634 5.050634 5.050634 95 
157 2 650.000000 200.429337 191.430664 1834.000000 6023.000000 16 0 1 5.251247 5.251247 5.251247 5.251247 5.251247 5.251247 78 
158 0 785.000000 395.542664 0.000000 0.000000 0.000000 0 0 0 5.501682 5.501682 5.501682 5.501682 5.501682 5.501682 
159 0 0.000000 29.760000 0.000000 0.000000 0.000000 0 0 0 -1.000000 -1.000000 -1.000000 -1.000000 -1.000000 -1.000000 
160 1 0.000000 63.945332 33.304001 280.000000 3978.000000 4 6 2 17.814917 215.033890 -1.000000 -1.000000 0.000000 -1.000000 12 163 173 125 34 42 11 12 
161 2 1250.000000 1243.836060 585.261353 5579.000000 20521.000000 17 0 1 6.590495 6.590495 6.590495 6.590495 6.590495 6.590495 97 
162 0 2350.000000 1589.733276 0.000000 0.000000 0.000000 0 0 0 7.034466 7.034466 7.034466 7.034466 7.034466 7.034466 
163 1 700.000000 17.978666 63.945332 612.000000 2059.000000 16 0 1 4.975510 5.017066 5.017066 5.017066 5.017066 3.810030 160 
164 2 850.000000 451.822662 585.261353 5579.000000 20521.000000 17 0 1 5.573919 5.573919 5.573919 5.573919 5.573919 5.573919 97 
165 1 0.000000 570.805298 99.570663 840.000000 11678.000000 4 15 1 46.519894 345.876434 -1.000000 -1.000000 0.000000 -1.000000 17 103 147 168 105 170 146 16 30 109 3 7 9 24 45 4 
166 1 1350.000000 268.145325 99.570663 840.000000 11678.000000 1 0 1 5.338163 5.338163 5.338163 5.338163 5.338163 5.338163 4 
167 0 850.000000 2504.706543 0.000000 0.000000 0.000000 0 0 0 8.208864 8.208864 8.208864 8.208864 8.208864 8.208864 
168 1 1100.000000 411.901306 570.805298 5434.000000 20554.000000 18 0 1 5.522679 5.522679 5.522679 5.522679 5.522679 5.522679 165 
169 1 800.000000 54.398670 181.510666 1734.000000 6083.000000 16 0 1 5.063812 5.063812 5.063812 5.063812 5.063812 5.063812 123 
170 1 1100.000000 438.502686 570.805298 5434.000000 20554.000000 18 0 1 5.556823 5.556823 5.556823 5.556823 5.556823 5.556823 165 
171 2 1100.000000 978.050659 585.261353 5579.000000 20521.000000 17 0 1 6.249351 6.249351 6.249351 6.249351 6.249351 6.249351 97 
172 0 640.000000 48.866665 0.000000 0.000000 0.000000 0 0 0 5.056712 5.056712 5.056712 5.056712 5.056712 5.056712 
173 1 470.000000 34.065331 63.945332 612.000000 2059.000000 16 0 1 5.037714 5.037714 5.037714 5.037714 5.037714 5.037714 160 
174 2 450.000000 13.811999 65.841331 631.000000 2056.000000 16 0 1 4.814556 2.045434 5.011718 5.011718 5.011718 3.130963 95 
175 2 520.000000 72.257339 416.693298 4005.000000 12145.000000 16 0 1 5.086734 5.086734 5.086734 5.086734 5.086734 5.086734 96 
176 0 0.000000 565.846680 0.000000 0.000000 0.000000 0 0 0 -1.000000 -1.000000 -1.000000 -1.000000 -1.000000 -1.000000 
177 1 0.000000 69.240005 33.304001 280.000000 3978.000000 3 0 1 -1.000000 -1.000000 -1.000000 -1.000000 -1.000000 -1.000000 12 
178 1 950.000000 140.133331 99.570663 840.000000 11678.000000 1 0 1 5.173855 5.173855 5.173855 5.173855 5.173855 5.173855 4 
179 1 0.000000 1088.666748 99.570663 840.000000 11678.000000 12 0 1 2000.000000 1.837109 -1.000000 -1.000000 -1.000000 -1.000000 4 
180 1 0.000000 106.266663 99.570663 840.000000 11678.000000 14 0 1 0.012490 -1.000000 -1.000000 -1.000000 -1.000000 -1.000000 4 
181 1 0.000000 87.066666 99.570663 840.000000 11678.000000 13 0 1 0.005000 -1.000000 -1.000000 -1.000000 -1.000000 -1.000000 4 
182 1 0.000000 83.479996 33.304001 280.000000 3978.000000 3 0 2 -1.000000 -1.000000 -1.000000 -1.000000 -1.000000 -1.000000 12 11 
183 0 3000.000000 4690.333008 0.000000 0.000000 0.000000 0 0 0 11.014190 11.014190 11.014190 11.014190 11.014190 11.014190 
184 0 685.000000 2504.706543 0.000000 0.000000 0.000000 0 7 0 8.208864 8.208864 8.208864 8.208864 8.208864 8.208864 126 159 199 137 130 122 134 
185 0 0.000000 576.386658 0.000000 0.000000 0.000000 0 0 0 -1.000000 -1.000000 -1.000000 -1.000000 -1.000000 -1.000000 
186 2 0.000000 72.453331 32.437332 270.000000 4078.000000 3 0 1 -1.000000 -1.000000 -1.000000 -1.000000 -1.000000 -1.000000 63 
187 2 950.000000 144.526657 100.037338 850.000000 11278.000000 1 0 1 5.179494 5.179494 5.179494 5.179494 5.179494 5.179494 57 
188 2 0.000000 1100.713257 100.037338 850.000000 11278.000000 12 0 1 2000.000000 1.817004 -1.000000 -1.000000 -1.000000 -1.000000 57 
189 2 0.000000 110.337326 100.037338 850.000000 11278.000000 14 0 1 0.012489 -1.000000 -1.000000 -1.000000 -1.000000 -1.000000 57 
190 2 0.000000 90.494667 100.037338 850.000000 11278.000000 13 0 1 0.005000 -1.000000 -1.000000 -1.000000 -1.000000 -1.000000 57 
191 2 0.000000 85.000000 32.437332 270.000000 4078.000000 3 0 2 -1.000000 -1.000000 -1.000000 -1.000000 -1.000000 -1.000000 63 62 
192 0 950.000000 154.533340 0.000000 0.000000 0.000000 0 0 0 5.192338 5.192338 5.192338 5.192338 5.192338 5.192338 
193 0 0.000000 473.372009 0.000000 0.000000 0.000000 0 5 0 -1.000000 -1.000000 -1.000000 -1.000000 -1.000000 -1.000000 195 198 183 155 124 
194 0 0.000000 1099.466675 0.000000 0.000000 0.000000 0 0 0 -1.000000 -1.000000 -1.000000 -1.000000 -1.000000 -1.000000 
195 0 0.000000 705.135986 0.000000 0.000000 0.000000 0 0 0 -1.000000 -1.000000 -1.000000 -1.000000 -1.000000 -1.000000 
196 0 0.000000 188.133331 0.000000 0.000000 0.000000 0 5 0 -1.000000 -1.000000 -1.000000 -1.000000 -1.000000 -1.000000 1 113 150 111 135 
197 0 0.000000 88.633331 0.000000 0.000000 0.000000 0 0 0 -1.000000 -1.000000 -1.000000 -1.000000 -1.000000 -1.000000 
198 0 0.000000 644.903992 0.000000 0.000000 0.000000 0 0 0 -1.000000 -1.000000 -1.000000 -1.000000 -1.000000 -1.000000 
199 0 0.000000 67.040001 0.000000 0.000000 0.000000 0 5 0 -1.000000 -1.000000 -1.000000 -1.000000 -1.000000 -1.000000 100 52 172 136 145 
200 0 0.000000 425.945313 0.000000 0.000000 0.000000 0 7 0 -1.000000 -1.000000 -1.000000 -1.000000 -1.000000 -1.000000 100 1 193 136 135 112 158 
201 0 0.000000 591.000000 0.000000 0.000000 0.000000 0 5 0 -1.000000 -1.000000 -1.000000 -1.000000 -1.000000 -1.000000 193 131 162 138 112 
0 
-1.000000 -1.000000 -1.000000 -1.000000 -1.000000 -1.000000 -1.000000 -1.000000 -1.000000 

8 15 19 21 22 27 40 166 178 
360.693329 35.533333 182.763489 70.312500 7.812500 34.087891 1600.000000 650.000000 1150.000000 

0 
-1.000000 -1.000000 -1.000000 -1.000000 -1.000000 -1.000000 -1.000000 -1.000000 -1.000000 

2 177 182 
83.479996 69.240005 76.360001 12.109375 7.031250 9.570313 -1.000000 -1.000000 -1.000000 

5 47 49 123 160 165 
2295.045410 63.945332 703.585632 259.500000 12.500000 82.993752 -1.000000 -1.000000 -1.000000 

0 
-1.000000 -1.000000 -1.000000 -1.000000 -1.000000 -1.000000 -1.000000 -1.000000 -1.000000 

1 6 
352.237335 352.237335 352.237335 33.160156 33.160156 33.160156 -1.000000 -1.000000 -1.000000 

2 28 46 
212.433319 39.099998 125.766663 61.328125 10.546875 35.937500 6000.000000 3000.000000 4500.000000 

1 44 
86.566666 86.566666 86.566666 58.593750 58.593750 58.593750 1050.000000 1050.000000 1050.000000 

0 
-1.000000 -1.000000 -1.000000 -1.000000 -1.000000 -1.000000 -1.000000 -1.000000 -1.000000 

0 
-1.000000 -1.000000 -1.000000 -1.000000 -1.000000 -1.000000 -1.000000 -1.000000 -1.000000 

0 
-1.000000 -1.000000 -1.000000 -1.000000 -1.000000 -1.000000 -1.000000 -1.000000 -1.000000 

6 2 5 20 32 39 179 
2385.527832 35.900002 754.375183 468.750000 9.863281 143.560547 5200.000000 20.000000 1686.666626 

3 14 29 181 
621.151978 10.794667 239.671097 109.132813 2.734375 43.799480 0.017000 0.001800 0.007933 

2 37 180 
106.266663 4.682667 55.474663 32.734375 10.355469 21.544922 -1.000000 -1.000000 -1.000000 

1 11 
2504.706543 2504.706543 2504.706543 242.187500 242.187500 242.187500 -1.000000 -1.000000 -1.000000 

9 8 13 34 35 125 153 163 169 173 
86.833328 17.978666 59.098373 12.890625 0.003906 8.854601 800.000000 470.000000 628.888916 

11 24 31 33 36 103 104 105 115 129 142 147 
387.471985 148.671997 259.900848 39.062500 0.003906 24.574219 1400.000000 600.000000 843.636353 

10 3 16 25 26 30 45 109 146 168 170 
1589.733276 394.833313 851.543335 164.062500 0.003906 80.567184 2300.000000 650.000000 1151.000000 

2 7 9 
2904.141357 2703.474609 2803.808105 328.125000 281.250000 304.687500 1500.000000 1200.000000 1350.000000 

0 
-1.000000 -1.000000 -1.000000 -1.000000 -1.000000 -1.000000 -1.000000 -1.000000 -1.000000 

0 
-1.000000 -1.000000 -1.000000 -1.000000 -1.000000 -1.000000 -1.000000 -1.000000 -1.000000 

0 
-1.000000 -1.000000 -1.000000 -1.000000 -1.000000 -1.000000 -1.000000 -1.000000 -1.000000 

0 
-1.000000 -1.000000 -1.000000 -1.000000 -1.000000 -1.000000 -1.000000 -1.000000 -1.000000 

0 
-1.000000 -1.000000 -1.000000 -1.000000 -1.000000 -1.000000 -1.000000 -1.000000 -1.000000 

1 42 
5.876000 5.876000 5.876000 2.070313 2.070313 2.070313 -1.000000 -1.000000 -1.000000 

0 
-1.000000 -1.000000 -1.000000 -1.000000 -1.000000 -1.000000 -1.000000 -1.000000 -1.000000 

0 
-1.000000 -1.000000 -1.000000 -1.000000 -1.000000 -1.000000 -1.000000 -1.000000 -1.000000 

0 
-1.000000 -1.000000 -1.000000 -1.000000 -1.000000 -1.000000 -1.000000 -1.000000 -1.000000 

0 
-1.000000 -1.000000 -1.000000 -1.000000 -1.000000 -1.000000 -1.000000 -1.000000 -1.000000 

0 
-1.000000 -1.000000 -1.000000 -1.000000 -1.000000 -1.000000 -1.000000 -1.000000 -1.000000 

4 4 11 12 17 
2504.706543 33.304001 777.738281 242.187500 7.300781 83.972656 -1.000000 -1.000000 -1.000000 

0 
-1.000000 -1.000000 -1.000000 -1.000000 -1.000000 -1.000000 -1.000000 -1.000000 -1.000000 

0 
-1.000000 -1.000000 -1.000000 -1.000000 -1.000000 -1.000000 -1.000000 -1.000000 -1.000000 

22.500000 384.000000 120.833336 250.333328 

22.500000 327.000000 101.833336 122.318184 

22.500000 180.000000 52.833332 89.699997 

60.000000 60.000000 0.333333 60.000000 

-1.000000 -1.000000 -1.000000 -1.000000 

-431602080.000000 -431602080.000000 -431602080.000000 -431602080.000000 

0 
-1.000000 -1.000000 -1.000000 -1.000000 -1.000000 -1.000000 -1.000000 -1.000000 -1.000000 

8 50 66 71 72 75 87 93 187 
368.958679 36.493336 187.854828 70.312500 7.421875 34.252930 1550.000000 600.000000 1131.250000 

0 
-1.000000 -1.000000 -1.000000 -1.000000 -1.000000 -1.000000 -1.000000 -1.000000 -1.000000 

2 186 191 
85.000000 72.453331 78.726669 12.109375 7.031250 9.570313 -1.000000 -1.000000 -1.000000 

5 60 78 95 96 97 
1638.594727 65.841331 579.564270 149.218750 13.750000 61.343750 -1.000000 -1.000000 -1.000000 

0 
-1.000000 -1.000000 -1.000000 -1.000000 -1.000000 -1.000000 -1.000000 -1.000000 -1.000000 

1 59 
375.980011 375.980011 375.980011 32.800781 32.800781 32.800781 -1.000000 -1.000000 -1.000000 

2 77 94 
218.933319 42.266666 130.599991 61.328125 10.546875 35.937500 6000.000000 3000.000000 4500.000000 

1 91 
86.733330 86.733330 86.733330 58.593750 58.593750 58.593750 1050.000000 1050.000000 1050.000000 

0 
-1.000000 -1.000000 -1.000000 -1.000000 -1.000000 -1.000000 -1.000000 -1.000000 -1.000000 

0 
-1.000000 -1.000000 -1.000000 -1.000000 -1.000000 -1.000000 -1.000000 -1.000000 -1.000000 

0 
-1.000000 -1.000000 -1.000000 -1.000000 -1.000000 -1.000000 -1.000000 -1.000000 -1.000000 

6 53 55 58 70 86 188 
2467.355957 36.410667 1025.947510 468.750000 9.863281 169.272781 5200.000000 25.000000 1650.833374 

3 65 79 190 
644.903992 11.585333 248.994675 109.863281 2.734375 44.042969 0.017000 0.001800 0.007933 

2 84 189 
110.337326 4.733334 57.535332 39.062500 10.449219 24.755859 -1.000000 -1.000000 -1.000000 

1 62 
2504.706543 2504.706543 2504.706543 242.187500 242.187500 242.187500 -1.000000 -1.000000 -1.000000 

17 51 73 74 80 82 83 92 102 110 119 133 144 154 156 157 174 175 
394.293335 13.811999 173.753571 46.875000 3.125000 19.790901 950.000000 450.000000 648.235291 

7 67 76 132 148 161 164 171 
1868.656006 451.822662 997.476196 199.218750 46.875000 106.026787 1250.000000 600.000000 1035.714233 

2 64 107 
5691.319824 2895.319824 4293.319824 593.750000 304.687500 449.218750 1400.000000 1350.000000 1375.000000 

1 101 
15586.666992 10000.000000 15586.666992 1757.812500 1757.812500 1757.812500 2100.000000 2100.000000 2100.000000 

0 
-1.000000 -1.000000 -1.000000 -1.000000 -1.000000 -1.000000 -1.000000 -1.000000 -1.000000 

0 
-1.000000 -1.000000 -1.000000 -1.000000 -1.000000 -1.000000 -1.000000 -1.000000 -1.000000 

0 
-1.000000 -1.000000 -1.000000 -1.000000 -1.000000 -1.000000 -1.000000 -1.000000 -1.000000 

0 
-1.000000 -1.000000 -1.000000 -1.000000 -1.000000 -1.000000 -1.000000 -1.000000 -1.000000 

0 
-1.000000 -1.000000 -1.000000 -1.000000 -1.000000 -1.000000 -1.000000 -1.000000 -1.000000 

1 89 
6.062667 6.062667 6.062667 2.128906 2.128906 2.128906 -1.000000 -1.000000 -1.000000 

0 
-1.000000 -1.000000 -1.000000 -1.000000 -1.000000 -1.000000 -1.000000 -1.000000 -1.000000 

0 
-1.000000 -1.000000 -1.000000 -1.000000 -1.000000 -1.000000 -1.000000 -1.000000 -1.000000 

0 
-1.000000 -1.000000 -1.000000 -1.000000 -1.000000 -1.000000 -1.000000 -1.000000 -1.000000 

0 
-1.000000 -1.000000 -1.000000 -1.000000 -1.000000 -1.000000 -1.000000 -1.000000 -1.000000 

0 
-1.000000 -1.000000 -1.000000 -1.000000 -1.000000 -1.000000 -1.000000 -1.000000 -1.000000 

4 57 62 63 68 
2504.706543 32.437332 786.010925 242.187500 7.226563 84.344727 -1.000000 -1.000000 -1.000000 

0 
-1.000000 -1.000000 -1.000000 -1.000000 -1.000000 -1.000000 -1.000000 -1.000000 -1.000000 

0 
-1.000000 -1.000000 -1.000000 -1.000000 -1.000000 -1.000000 -1.000000 -1.000000 -1.000000 

21.000000 372.000000 117.333336 209.647064 

57.000000 99.000000 14.333333 84.857140 

52.500000 57.000000 1.833333 54.750000 

45.000000 45.000000 0.333333 45.000000 

-1.000000 -1.000000 -1.000000 -1.000000 

-431602080.000000 -431602080.000000 -431602080.000000 -431602080.000000 

