MOD_LEARN_0_80 
28.125000 31.250000 31.250000 10.000000 0.000000 
40.540539 31.250000 45.045044 14.414414 0.000000 
28.125000 31.250000 31.250000 10.000000 0.000000 
28.125000 31.250000 31.250000 10.000000 0.000000 
6.188270 31.250000 68.928055 24.883671 0.000000 
62.962963 10.000000 10.000000 10.000000 0.000000 
75.892853 10.000000 12.053571 12.053571 0.000000 
62.962963 10.000000 10.000000 10.000000 0.000000 
62.962963 10.000000 10.000000 10.000000 0.000000 
1.387127 10.000000 49.306435 49.306435 0.000000 
0.832228 0.832228 0.688228 0.707366 
0.009437 0.143281 0.308515 0.534730 
0.000000 0.000000 0.215097 0.419514 
0.000000 0.000000 0.000000 0.000000 
0.000000 0.000000 0.000000 0.000000 
0.000000 0.000000 0.000000 0.000000 
1 0 4 2 0.000000 99.570663 0.000000 0 12 0 -1.000000 -1.000000 -1.000000 -1.000000 -1.000000 -1.000000 197 194 201 200 117 128 149 121 151 192 194 195 
2 1 0 144 0.000000 705.135986 99.570663 10 0 2 2500.000000 3.545415 -1.000000 -1.000000 -1.000000 -1.000000 17 4 
3 1 0 2 1500.000000 1580.118652 570.805298 16 0 1 8.953848 7.527657 7.527657 7.527657 7.527657 8.294097 165 
4 1 5 2 0.000000 99.570663 181.510666 28 15 2 -1.000000 -1.000000 -1.000000 -1.000000 -1.000000 -1.000000 181 179 165 47 180 21 166 27 116 178 22 44 46 6 2 123 47 
5 1 0 144 0.000000 35.900002 33.304001 10 0 2 100.000000 2.785515 -1.000000 -1.000000 -1.000000 -1.000000 11 12 
6 1 0 144 0.000000 352.237335 99.570663 0 0 2 -1.000000 -1.000000 -1.000000 -1.000000 -1.000000 -1.000000 17 4 
7 1 0 2 1500.000000 2703.474609 570.805298 17 0 1 9.329988 9.329988 9.329988 9.329988 9.329988 9.329988 165 
8 1 0 2 700.000000 84.785332 406.621338 14 0 1 4.534520 5.128518 5.128518 5.128518 5.128518 5.128518 47 
9 1 0 2 1200.000000 2904.141357 570.805298 17 0 1 9.651941 9.651941 9.651941 9.651941 9.651941 9.651941 165 
10 1 0 144 3000.000000 4460.280273 473.372009 0 0 1 12.148636 12.148636 12.148636 12.148636 12.148636 12.148636 17 
11 1 21 2 1500.000000 2504.706543 0.000000 13 8 0 9.011081 9.011081 9.011081 9.011081 9.011081 -1.000000 14 5 160 37 19 182 28 32 
12 1 5 2 0.000000 33.304001 63.945332 28 13 2 -1.000000 -1.000000 -1.000000 -1.000000 -1.000000 -1.000000 14 5 123 160 37 19 40 15 177 182 39 32 28 160 47 
13 1 0 2 470.000000 59.785332 181.510666 14 0 1 4.040827 5.088408 5.088408 5.088408 5.088408 4.832274 123 
14 1 0 144 0.000000 10.794667 33.304001 11 0 2 0.002600 -1.000000 -1.000000 -1.000000 -1.000000 -1.000000 11 12 
15 1 0 144 950.000000 35.533333 33.304001 1 0 1 4.070759 5.049497 5.049497 5.049497 5.049497 5.049497 12 
16 1 0 2 650.000000 842.373352 570.805298 16 0 1 7.783590 6.344005 6.344005 6.344005 6.344005 6.810265 165 
17 1 5 2 0.000000 473.372009 406.621338 28 8 2 -1.000000 -1.000000 -1.000000 -1.000000 -1.000000 -1.000000 2 29 10 116 48 20 6 49 165 47 
18 1 0 2 0.000000 410.375977 406.621338 0 0 1 -1.000000 -1.000000 -1.000000 -1.000000 -1.000000 -1.000000 47 
19 1 0 144 650.000000 40.333336 33.304001 1 0 2 7.791701 5.057199 5.057199 5.057199 5.057199 5.112754 12 11 
20 1 0 144 0.000000 2385.527832 473.372009 10 0 1 5200.000000 2.179811 -1.000000 -1.000000 -1.000000 -1.000000 17 
21 1 0 144 1050.000000 180.042664 99.570663 1 0 1 5.281351 5.281351 5.281351 5.281351 5.281351 5.281351 4 
22 1 0 144 1400.000000 312.200012 99.570663 1 0 1 5.493386 5.493386 5.493386 5.493386 5.493386 5.493386 4 
23 0 0 2 600.000000 153.006668 0.000000 0 0 0 5.237974 5.237974 5.237974 5.237974 5.237974 5.237974 
24 1 0 2 780.000000 381.809326 406.621338 15 0 2 6.239502 5.605068 5.605068 5.605068 5.605068 5.605068 165 47 
25 1 0 2 780.000000 541.500000 2295.045410 16 0 1 5.861279 5.861279 5.861279 5.861279 5.861279 5.861279 49 
26 1 0 2 780.000000 394.833313 2295.045410 16 0 1 5.625964 5.625964 5.625964 5.625964 5.625964 5.625964 49 
27 1 0 144 1600.000000 360.693329 99.570663 1 0 1 7.319271 5.571189 5.571189 5.571189 5.571189 5.571189 4 
28 1 0 144 0.000000 39.099998 33.304001 6 0 2 50.000000 -1.000000 -1.000000 -1.000000 -1.000000 -1.000000 12 11 
29 1 0 144 0.000000 621.151978 473.372009 11 0 1 0.017000 -1.000000 -1.000000 -1.000000 -1.000000 -1.000000 17 
30 1 0 2 1300.000000 1303.800049 570.805298 16 0 1 7.084326 7.084326 7.084326 7.084326 7.084326 7.084326 165 
31 1 0 2 600.000000 148.673340 181.510666 15 0 1 4.581032 5.231021 5.231021 5.231021 5.231021 5.231021 123 
32 1 0 144 0.000000 169.045334 33.304001 10 0 2 20.000000 0.118311 -1.000000 -1.000000 -1.000000 -1.000000 12 11 
33 1 0 2 700.000000 191.142670 181.510666 15 0 2 6.192458 5.299160 5.299160 5.299160 5.299160 5.299160 47 123 
34 1 0 2 650.000000 82.209335 63.945332 14 0 2 8.317353 5.124385 5.124385 5.124385 5.124385 4.735607 47 160 
35 1 0 2 650.000000 86.833328 2295.045410 14 0 1 5.131804 5.131804 5.131804 5.131804 5.131804 5.131804 49 
36 1 0 2 700.000000 197.500000 2295.045410 15 0 1 5.309360 5.309360 5.309360 5.309360 5.309360 5.309360 49 
37 1 0 144 0.000000 4.682667 33.304001 12 0 2 0.011050 -1.000000 -1.000000 -1.000000 -1.000000 -1.000000 12 11 
38 0 0 2 0.000000 7.542666 0.000000 0 0 0 -1.000000 -1.000000 -1.000000 -1.000000 -1.000000 -1.000000 
39 1 0 144 0.000000 141.974670 33.304001 10 0 1 300.000000 2.113053 -1.000000 -1.000000 -1.000000 -1.000000 12 
40 1 0 144 1250.000000 125.026672 33.304001 1 0 1 5.793753 5.193082 5.193082 5.193082 5.193082 5.193082 12 
41 1 0 2 0.000000 21.409334 406.621338 0 0 1 -1.000000 -1.000000 -1.000000 -1.000000 -1.000000 -1.000000 47 
42 1 0 2 0.000000 5.876000 63.945332 23 0 1 -1.000000 -1.000000 -1.000000 -1.000000 -1.000000 -1.000000 160 
43 1 0 2 0.000000 25.885334 181.510666 0 0 2 -1.000000 -1.000000 -1.000000 -1.000000 -1.000000 -1.000000 47 123 
44 1 0 144 0.000000 86.566666 99.570663 7 0 1 445.000000 -1.000000 -1.000000 -1.000000 -1.000000 -1.000000 4 
45 1 8 2 950.000000 411.426666 570.805298 16 0 1 4.345578 5.652587 5.652587 5.652587 5.652587 3.551378 165 
46 1 0 144 0.000000 212.433319 99.570663 6 0 1 393.000000 -1.000000 -1.000000 -1.000000 -1.000000 -1.000000 4 
47 1 2 144 0.000000 406.621338 99.570663 4 14 1 38.886532 446.800995 -1.000000 -1.000000 0.000000 -1.000000 12 4 17 43 153 56 8 115 104 41 34 33 24 18 4 
48 1 0 144 0.000000 847.205383 473.372009 0 0 1 -1.000000 -1.000000 -1.000000 -1.000000 -1.000000 -1.000000 17 
49 1 2 144 0.000000 2295.045410 473.372009 4 4 1 1123.791626 8541.666016 -1.000000 -1.000000 0.000000 -1.000000 35 36 26 25 17 
50 2 0 144 1050.000000 177.281342 100.037338 1 0 1 5.276920 5.276920 5.276920 5.276920 5.276920 5.276920 57 
51 2 0 2 500.000000 61.526665 191.430664 14 0 1 5.586609 1.957427 4.350334 5.091201 5.091201 1.373597 78 
52 0 0 2 440.000000 37.766666 0.000000 0 0 0 5.053081 5.053081 5.053081 5.053081 5.053081 5.053081 
53 2 0 144 2650.000000 1785.806641 506.862640 10 0 1 25.000000 0.013999 7.857666 7.857666 7.857666 7.857666 68 
54 0 4 2 685.000000 2504.706543 0.000000 0 7 0 9.011081 9.011081 9.011081 9.011081 9.011081 9.011081 126 159 199 137 130 122 134 
55 2 0 144 0.000000 634.757324 100.037338 10 0 2 2300.000000 3.623432 -1.000000 -1.000000 -1.000000 -1.000000 68 57 
56 1 0 2 0.000000 80.249336 406.621338 0 0 1 -1.000000 -1.000000 -1.000000 -1.000000 -1.000000 -1.000000 47 
57 2 5 2 0.000000 100.037338 191.430664 28 15 2 -1.000000 -1.000000 -1.000000 -1.000000 -1.000000 -1.000000 190 188 97 96 189 50 71 75 108 187 72 91 94 59 55 78 96 
58 2 0 144 0.000000 36.410667 32.437332 10 0 2 100.000000 2.746448 -1.000000 -1.000000 -1.000000 -1.000000 62 63 
59 2 0 144 0.000000 375.980011 100.037338 0 0 2 -1.000000 -1.000000 -1.000000 -1.000000 -1.000000 -1.000000 68 57 
60 2 2 144 0.000000 1638.594727 506.862640 4 1 1 78.933334 314.666656 -1.000000 -1.000000 0.000000 -1.000000 101 68 
61 2 0 144 3000.000000 4702.973633 506.862640 0 0 1 12.538017 12.538017 12.538017 12.538017 12.538017 12.538017 68 
62 2 21 2 850.000000 2504.706543 0.000000 13 8 0 9.011081 9.011081 9.011081 9.011081 9.011081 -1.000000 65 58 95 84 93 191 77 81 
63 2 5 2 0.000000 32.437332 65.841331 28 13 2 -1.000000 -1.000000 -1.000000 -1.000000 -1.000000 -1.000000 65 58 78 95 84 93 87 66 186 191 86 81 77 95 96 
64 2 0 2 1400.000000 2895.319824 585.261353 16 0 1 9.637787 9.637787 9.637787 9.637787 9.637787 9.637787 97 
65 2 0 144 0.000000 11.585333 32.437332 11 0 2 0.002600 -1.000000 -1.000000 -1.000000 -1.000000 -1.000000 62 63 
66 2 0 144 950.000000 36.493336 32.437332 1 0 1 4.026430 3.070970 5.051038 5.051038 5.051038 5.051038 63 
67 2 0 2 600.000000 888.675964 585.261353 15 0 1 6.418294 6.418294 6.418294 6.418294 6.418294 6.418294 97 
68 2 5 2 0.000000 506.862640 416.693298 28 9 2 -1.000000 -1.000000 -1.000000 -1.000000 -1.000000 -1.000000 60 55 79 61 108 98 70 59 53 97 96 
69 2 0 2 0.000000 422.542664 416.693298 0 0 1 -1.000000 -1.000000 -1.000000 -1.000000 -1.000000 -1.000000 96 
70 2 0 144 0.000000 2467.355957 506.862640 10 0 1 5200.000000 2.107519 -1.000000 -1.000000 -1.000000 -1.000000 68 
71 2 0 144 1350.000000 280.065338 100.037338 1 0 1 5.441829 5.441829 5.441829 5.441829 5.441829 5.441829 57 
72 2 0 144 1400.000000 324.493347 100.037338 1 0 1 5.513110 5.513110 5.513110 5.513110 5.513110 5.513110 57 
73 2 0 2 750.000000 392.209320 416.693298 14 0 2 5.621754 5.621754 5.621754 5.621754 5.621754 5.621754 97 96 
74 2 0 2 700.000000 87.545334 416.693298 14 0 1 5.132946 5.132946 5.132946 5.132946 5.132946 5.132946 96 
75 2 0 144 1550.000000 368.958679 100.037338 1 0 1 5.584451 5.584451 5.584451 5.584451 5.584451 5.584451 57 
76 2 0 2 1100.000000 718.041321 416.693298 15 0 1 6.144525 6.144525 6.144525 6.144525 6.144525 6.144525 96 
77 2 0 144 0.000000 42.266666 32.437332 6 0 2 50.000000 -1.000000 -1.000000 -1.000000 -1.000000 -1.000000 63 62 
78 2 2 144 0.000000 191.430664 32.437332 4 9 1 27.808037 281.170685 -1.000000 -1.000000 0.000000 -1.000000 57 90 133 51 80 157 102 110 82 63 
79 2 0 144 0.000000 644.903992 506.862640 11 0 1 0.017000 -1.000000 -1.000000 -1.000000 -1.000000 -1.000000 68 
80 2 0 2 600.000000 154.193329 191.430664 14 0 1 4.759061 4.156771 5.239877 5.239877 5.239877 4.241231 78 
81 2 0 144 0.000000 178.712006 32.437332 0 0 2 -1.000000 -1.000000 -1.000000 -1.000000 -1.000000 -1.000000 63 62 
82 2 0 2 650.000000 178.542664 191.430664 14 0 2 7.179245 4.022110 5.278944 5.278944 5.278944 6.071764 96 78 
83 2 0 2 600.000000 81.829330 65.841331 14 0 2 5.578645 3.006552 4.190221 5.123775 5.123775 6.992046 96 95 
84 2 0 144 0.000000 4.733334 32.437332 12 0 2 0.011050 -1.000000 -1.000000 -1.000000 -1.000000 -1.000000 63 62 
85 0 0 2 0.000000 8.242666 0.000000 0 0 0 -1.000000 -1.000000 -1.000000 -1.000000 -1.000000 -1.000000 
86 2 0 144 0.000000 130.641327 32.437332 10 0 1 280.000000 2.143273 -1.000000 -1.000000 -1.000000 -1.000000 63 
87 2 0 144 1200.000000 129.293335 32.437332 1 0 1 6.752637 8.973872 7.108346 5.199927 5.199927 5.199927 63 
88 2 0 2 0.000000 22.870667 416.693298 0 0 1 -1.000000 -1.000000 -1.000000 -1.000000 -1.000000 -1.000000 96 
89 2 0 2 0.000000 6.062667 65.841331 23 0 1 -1.000000 -1.000000 -1.000000 -1.000000 -1.000000 -1.000000 95 
90 2 0 2 0.000000 24.204000 191.430664 0 0 2 -1.000000 -1.000000 -1.000000 -1.000000 -1.000000 -1.000000 96 78 
91 2 0 144 0.000000 86.733330 100.037338 7 0 1 444.000000 -1.000000 -1.000000 -1.000000 -1.000000 -1.000000 57 
92 2 8 2 950.000000 394.293335 585.261353 14 0 1 5.625098 5.625098 5.625098 5.625098 5.625098 5.625098 97 
93 2 0 144 600.000000 41.726665 32.437332 1 0 2 10.128758 1.914344 2.824420 5.059434 5.059434 5.059434 63 62 
94 2 0 144 0.000000 218.933319 100.037338 6 0 1 393.000000 -1.000000 -1.000000 -1.000000 -1.000000 -1.000000 57 
95 2 2 144 0.000000 65.841331 32.437332 4 6 2 17.204657 214.721191 -1.000000 -1.000000 0.000000 -1.000000 63 174 119 156 83 89 62 63 
96 2 2 144 0.000000 416.693298 100.037338 4 14 1 39.648315 411.600525 -1.000000 -1.000000 0.000000 -1.000000 63 57 68 90 175 140 74 154 76 88 83 82 73 69 57 
97 2 2 144 0.000000 585.261353 100.037338 4 12 1 47.166286 334.533569 -1.000000 -1.000000 0.000000 -1.000000 68 144 164 148 171 67 161 64 132 107 73 92 57 
98 2 0 144 0.000000 833.198608 506.862640 0 0 1 -1.000000 -1.000000 -1.000000 -1.000000 -1.000000 -1.000000 68 
99 0 0 2 600.000000 148.193329 0.000000 0 0 0 5.230251 5.230251 5.230251 5.230251 5.230251 5.230251 
100 0 4 2 0.000000 34.637337 0.000000 0 12 0 -1.000000 -1.000000 -1.000000 -1.000000 -1.000000 -1.000000 126 159 196 199 137 127 143 106 130 141 134 122 
101 2 0 2 2100.000000 15586.666992 1638.594727 17 0 1 30.000002 30.000002 30.000002 30.000002 30.000002 30.000002 60 
102 2 0 2 700.000000 180.143997 191.430664 14 0 1 8.485626 7.411699 6.984190 5.281513 5.281513 11.148625 78 
103 1 0 2 700.000000 364.503998 570.805298 15 0 1 7.490619 5.577303 5.577303 5.577303 5.577303 5.419770 165 
104 1 0 2 1300.000000 387.471985 406.621338 15 0 1 7.072973 5.614154 5.614154 5.614154 5.614154 7.624673 47 
105 1 0 2 1400.000000 289.901337 570.805298 15 0 1 5.457610 5.457610 5.457610 5.457610 5.457610 5.457610 165 
106 0 0 144 0.000000 71.199997 0.000000 0 0 0 -1.000000 -1.000000 -1.000000 -1.000000 -1.000000 -1.000000 
107 2 0 2 1350.000000 5691.319824 585.261353 16 0 1 14.123737 14.123737 14.123737 14.123737 14.123737 14.123737 97 
108 2 0 144 1050.000000 574.791992 100.037338 0 0 2 5.914693 5.914693 5.914693 5.914693 5.914693 5.914693 68 57 
109 1 0 2 2300.000000 1589.733276 570.805298 16 0 1 7.543082 7.543082 7.543082 7.543082 7.543082 7.543082 165 
110 2 0 2 850.000000 296.122650 191.430664 14 0 1 14.411402 8.047071 6.577987 5.467591 5.467591 12.984197 78 
111 0 0 2 685.000000 258.721344 0.000000 0 0 0 5.407584 5.407584 5.407584 5.407584 5.407584 5.407584 
112 0 0 2 785.000000 395.542664 0.000000 0 0 0 5.627102 5.627102 5.627102 5.627102 5.627102 5.627102 
113 0 0 2 440.000000 73.000000 0.000000 0 0 0 5.109610 5.109610 5.109610 5.109610 5.109610 5.109610 
114 0 0 2 1285.000000 5424.653320 0.000000 0 0 0 13.695892 13.695892 13.695892 13.695892 13.695892 13.695892 
115 1 0 2 800.000000 150.612000 406.621338 15 0 1 8.936737 5.234131 5.234131 5.234131 5.234131 6.587822 47 
116 1 0 144 1050.000000 565.375977 99.570663 0 0 2 5.899586 5.899586 5.899586 5.899586 5.899586 5.899586 17 4 
117 0 0 144 1400.000000 346.666687 0.000000 0 0 0 5.548685 5.548685 5.548685 5.548685 5.548685 5.548685 
118 0 0 144 1350.000000 275.333313 0.000000 0 0 0 5.434237 5.434237 5.434237 5.434237 5.434237 5.434237 
119 2 0 2 450.000000 34.865334 65.841331 14 0 1 1.259642 0.334430 2.235631 5.048426 5.048426 0.626921 95 
120 0 0 2 900.000000 2504.706543 0.000000 0 0 0 9.011081 9.011081 9.011081 9.011081 9.011081 9.011081 
121 0 0 144 1085.000000 222.399994 0.000000 0 0 0 5.349309 5.349309 5.349309 5.349309 5.349309 5.349309 
122 0 0 144 0.000000 46.120003 0.000000 0 0 0 -1.000000 -1.000000 -1.000000 -1.000000 -1.000000 -1.000000 
123 1 2 144 0.000000 181.510666 33.304001 4 8 1 28.035299 293.751282 -1.000000 -1.000000 0.000000 -1.000000 4 43 13 169 31 142 129 33 12 
124 0 0 144 0.000000 2967.333496 0.000000 0 0 0 -1.000000 -1.000000 -1.000000 -1.000000 -1.000000 -1.000000 
125 1 0 2 700.000000 42.405334 63.945332 14 0 1 3.479671 5.060523 5.060523 5.060523 5.060523 2.974343 160 
126 0 0 144 0.000000 11.724000 0.000000 0 0 0 -1.000000 -1.000000 -1.000000 -1.000000 -1.000000 -1.000000 
127 0 0 144 590.000000 43.973335 0.000000 0 0 0 5.063039 5.063039 5.063039 5.063039 5.063039 5.063039 
128 0 0 144 0.000000 104.933334 0.000000 0 0 0 -1.000000 -1.000000 -1.000000 -1.000000 -1.000000 -1.000000 
129 1 0 2 700.000000 256.054657 181.510666 15 0 1 4.826442 5.403306 5.403306 5.403306 5.403306 5.403306 123 
130 0 0 144 0.000000 86.466667 0.000000 0 0 0 -1.000000 -1.000000 -1.000000 -1.000000 -1.000000 -1.000000 
131 0 0 2 725.000000 1258.502686 0.000000 0 0 0 7.011650 7.011650 7.011650 7.011650 7.011650 7.011650 
132 2 0 2 1250.000000 1868.656006 585.261353 15 0 1 7.990591 7.990591 7.990591 7.990591 7.990591 7.990591 97 
133 2 0 2 450.000000 61.875999 191.430664 14 0 1 4.008586 1.976919 4.860159 5.091762 5.091762 3.935507 78 
134 0 0 144 0.000000 174.839996 0.000000 0 0 0 -1.000000 -1.000000 -1.000000 -1.000000 -1.000000 -1.000000 
135 0 0 2 725.000000 197.542664 0.000000 0 0 0 5.309428 5.309428 5.309428 5.309428 5.309428 5.309428 
136 0 0 2 685.000000 84.076004 0.000000 0 0 0 5.127380 5.127380 5.127380 5.127380 5.127380 5.127380 
137 0 0 144 0.000000 4.926667 0.000000 0 0 0 -1.000000 -1.000000 -1.000000 -1.000000 -1.000000 -1.000000 
138 0 0 2 785.000000 5424.653320 0.000000 0 0 0 13.695892 13.695892 13.695892 13.695892 13.695892 13.695892 
139 0 0 2 2800.000000 1615.000000 0.000000 0 0 0 7.583621 7.583621 7.583621 7.583621 7.583621 7.583621 
140 2 0 2 0.000000 77.249336 416.693298 0 0 1 -1.000000 -1.000000 -1.000000 -1.000000 -1.000000 -1.000000 96 
141 0 0 144 0.000000 151.333344 0.000000 0 0 0 -1.000000 -1.000000 -1.000000 -1.000000 -1.000000 -1.000000 
142 1 0 2 700.000000 148.671997 181.510666 15 0 1 16.177814 5.231019 5.231019 5.231019 5.231019 7.708895 123 
143 0 0 144 1185.000000 127.106667 0.000000 0 0 0 5.196419 5.196419 5.196419 5.196419 5.196419 5.196419 
144 2 0 2 650.000000 336.161316 585.261353 14 0 1 5.531830 5.531830 5.531830 5.531830 5.531830 5.531830 97 
145 0 0 2 0.000000 5.876000 0.000000 0 0 0 -1.000000 -1.000000 -1.000000 -1.000000 -1.000000 -1.000000 
146 1 0 2 1050.000000 1031.244019 570.805298 16 0 1 6.647033 6.647033 6.647033 6.647033 6.647033 6.647033 165 
147 1 0 2 900.000000 342.567993 570.805298 15 0 1 5.984669 5.542109 5.542109 5.542109 5.542109 5.542109 165 
148 2 0 2 1100.000000 833.250671 585.261353 15 0 1 6.329369 6.329369 6.329369 6.329369 6.329369 6.329369 97 
149 0 0 144 0.000000 120.333336 0.000000 0 0 0 -1.000000 -1.000000 -1.000000 -1.000000 -1.000000 -1.000000 
150 0 0 2 600.000000 154.193329 0.000000 0 0 0 5.239877 5.239877 5.239877 5.239877 5.239877 5.239877 
151 0 0 144 0.000000 245.233322 0.000000 0 0 0 -1.000000 -1.000000 -1.000000 -1.000000 -1.000000 -1.000000 
152 0 0 2 685.000000 258.721344 0.000000 0 0 0 5.407584 5.407584 5.407584 5.407584 5.407584 5.407584 
153 1 0 2 520.000000 69.423996 406.621338 14 0 1 4.306535 5.103872 5.103872 5.103872 5.103872 5.764592 47 
154 2 0 2 700.000000 363.870667 416.693298 14 0 1 5.576287 5.576287 5.576287 5.576287 5.576287 5.576287 96 
155 0 0 144 1100.000000 506.842682 0.000000 0 0 0 5.805674 5.805674 5.805674 5.805674 5.805674 5.805674 
156 2 0 2 850.000000 44.132000 65.841331 14 0 1 3.551600 0.690691 1.396115 5.063293 5.063293 0.158353 95 
157 2 0 2 650.000000 200.429337 191.430664 14 0 1 9.575482 6.544850 7.009902 5.314059 5.314059 5.879415 78 
158 0 0 2 785.000000 395.542664 0.000000 0 0 0 5.627102 5.627102 5.627102 5.627102 5.627102 5.627102 
159 0 0 144 0.000000 29.760000 0.000000 0 0 0 -1.000000 -1.000000 -1.000000 -1.000000 -1.000000 -1.000000 
160 1 2 144 0.000000 63.945332 33.304001 4 6 2 17.814917 215.033890 -1.000000 -1.000000 0.000000 -1.000000 12 163 173 125 34 42 11 12 
161 2 0 2 1250.000000 1243.836060 585.261353 15 0 1 6.988119 6.988119 6.988119 6.988119 6.988119 6.988119 97 
162 0 0 2 2350.000000 1589.733276 0.000000 0 0 0 7.543082 7.543082 7.543082 7.543082 7.543082 7.543082 
163 1 0 2 700.000000 17.978666 63.945332 14 0 1 1.317281 4.779999 5.021332 5.021332 5.021332 2.529828 160 
164 2 0 2 850.000000 451.822662 585.261353 15 0 1 5.717399 5.717399 5.717399 5.717399 5.717399 5.717399 97 
165 1 2 144 0.000000 570.805298 99.570663 4 15 1 46.623596 345.876434 -1.000000 -1.000000 0.000000 -1.000000 17 103 147 168 105 170 146 16 30 109 3 7 9 24 45 4 
166 1 0 144 1350.000000 268.145325 99.570663 1 0 1 6.884271 5.422704 5.422704 5.422704 5.422704 5.422704 4 
167 0 0 2 850.000000 2504.706543 0.000000 0 0 0 9.011081 9.011081 9.011081 9.011081 9.011081 9.011081 
168 1 0 2 1100.000000 411.901306 570.805298 16 0 1 13.195237 5.653348 5.653348 5.653348 5.653348 7.709560 165 
169 1 0 2 800.000000 54.398670 181.510666 14 0 1 4.483224 5.079765 4.552346 5.079765 5.079765 4.358060 123 
170 1 0 2 1100.000000 438.502686 570.805298 16 0 1 5.696028 5.696028 5.696028 5.696028 5.696028 5.696028 165 
171 2 0 2 1100.000000 978.050659 585.261353 15 0 1 6.561688 6.561688 6.561688 6.561688 6.561688 6.561688 97 
172 0 0 2 640.000000 48.866665 0.000000 0 0 0 5.070889 5.070889 5.070889 5.070889 5.070889 5.070889 
173 1 0 2 470.000000 34.065331 63.945332 14 0 1 2.304736 5.047142 4.833437 5.047142 5.047142 4.576565 160 
174 2 0 2 450.000000 13.811999 65.841331 14 0 1 0.488986 0.342917 0.532199 5.014647 5.014647 0.175203 95 
175 2 0 2 520.000000 72.257339 416.693298 14 0 1 5.108418 5.108418 5.108418 5.108418 5.108418 5.108418 96 
176 0 0 144 0.000000 565.846680 0.000000 0 0 0 -1.000000 -1.000000 -1.000000 -1.000000 -1.000000 -1.000000 
177 1 0 144 0.000000 69.240005 33.304001 3 0 1 -1.000000 -1.000000 -1.000000 -1.000000 -1.000000 -1.000000 12 
178 1 0 144 950.000000 140.133331 99.570663 1 0 1 5.217319 5.217319 5.217319 5.217319 5.217319 5.217319 4 
179 1 0 144 0.000000 1088.666748 99.570663 10 0 1 2000.000000 1.837109 -1.000000 -1.000000 -1.000000 -1.000000 4 
180 1 0 144 0.000000 106.266663 99.570663 12 0 1 0.012490 -1.000000 -1.000000 -1.000000 -1.000000 -1.000000 4 
181 1 0 144 0.000000 87.066666 99.570663 11 0 1 0.006000 -1.000000 -1.000000 -1.000000 -1.000000 -1.000000 4 
182 1 0 144 0.000000 83.479996 33.304001 3 0 2 -1.000000 -1.000000 -1.000000 -1.000000 -1.000000 -1.000000 12 11 
183 0 0 144 3000.000000 4690.333008 0.000000 0 0 0 12.517736 12.517736 12.517736 12.517736 12.517736 12.517736 
184 0 4 2 685.000000 2504.706543 0.000000 0 7 0 9.011081 9.011081 9.011081 9.011081 9.011081 9.011081 126 159 199 137 130 122 134 
185 0 0 144 0.000000 576.386658 0.000000 0 0 0 -1.000000 -1.000000 -1.000000 -1.000000 -1.000000 -1.000000 
186 2 0 144 0.000000 72.453331 32.437332 3 0 1 -1.000000 -1.000000 -1.000000 -1.000000 -1.000000 -1.000000 63 
187 2 0 144 950.000000 144.526657 100.037338 1 0 1 5.224368 5.224368 5.224368 5.224368 5.224368 5.224368 57 
188 2 0 144 0.000000 1100.713257 100.037338 10 0 1 2000.000000 1.817004 -1.000000 -1.000000 -1.000000 -1.000000 57 
189 2 0 144 0.000000 110.337326 100.037338 12 0 1 0.012489 -1.000000 -1.000000 -1.000000 -1.000000 -1.000000 57 
190 2 0 144 0.000000 90.494667 100.037338 11 0 1 0.006000 -1.000000 -1.000000 -1.000000 -1.000000 -1.000000 57 
191 2 0 144 0.000000 85.000000 32.437332 3 0 2 -1.000000 -1.000000 -1.000000 -1.000000 -1.000000 -1.000000 63 62 
192 0 0 144 950.000000 154.533340 0.000000 0 0 0 5.240423 5.240423 5.240423 5.240423 5.240423 5.240423 
193 0 4 2 0.000000 473.372009 0.000000 0 5 0 -1.000000 -1.000000 -1.000000 -1.000000 -1.000000 -1.000000 195 198 183 155 124 
194 0 0 144 0.000000 1099.466675 0.000000 0 0 0 -1.000000 -1.000000 -1.000000 -1.000000 -1.000000 -1.000000 
195 0 0 144 0.000000 705.135986 0.000000 0 0 0 -1.000000 -1.000000 -1.000000 -1.000000 -1.000000 -1.000000 
196 0 0 144 0.000000 188.133331 0.000000 0 5 0 -1.000000 -1.000000 -1.000000 -1.000000 -1.000000 -1.000000 1 113 150 111 135 
197 0 0 144 0.000000 88.633331 0.000000 0 0 0 -1.000000 -1.000000 -1.000000 -1.000000 -1.000000 -1.000000 
198 0 0 144 0.000000 644.903992 0.000000 0 0 0 -1.000000 -1.000000 -1.000000 -1.000000 -1.000000 -1.000000 
199 0 0 144 0.000000 67.040001 0.000000 0 5 0 -1.000000 -1.000000 -1.000000 -1.000000 -1.000000 -1.000000 100 52 172 136 145 
200 0 0 144 0.000000 425.945313 0.000000 0 7 0 -1.000000 -1.000000 -1.000000 -1.000000 -1.000000 -1.000000 100 1 193 136 135 112 158 
201 0 0 144 0.000000 591.000000 0.000000 0 5 0 -1.000000 -1.000000 -1.000000 -1.000000 -1.000000 -1.000000 193 131 162 138 112 
0 
-1.000000 -1.000000 -1.000000 -1.000000 -1.000000 -1.000000 -1.000000 -1.000000 -1.000000 

8 15 19 21 22 27 40 166 178 
360.693329 35.533333 182.763489 70.312500 7.812500 34.087891 1600.000000 650.000000 1150.000000 

0 
-1.000000 -1.000000 -1.000000 -1.000000 -1.000000 -1.000000 -1.000000 -1.000000 -1.000000 

2 177 182 
83.479996 69.240005 76.360001 12.109375 7.031250 9.570313 -1.000000 -1.000000 -1.000000 

5 47 49 123 160 165 
2295.045410 63.945332 703.585632 259.500000 12.500000 82.993752 -1.000000 -1.000000 -1.000000 

0 
-1.000000 -1.000000 -1.000000 -1.000000 -1.000000 -1.000000 -1.000000 -1.000000 -1.000000 

2 28 46 
212.433319 39.099998 125.766663 61.328125 10.546875 35.937500 6000.000000 3500.000000 4750.000000 

1 44 
86.566666 86.566666 86.566666 58.593750 58.593750 58.593750 1050.000000 1050.000000 1050.000000 

0 
-1.000000 -1.000000 -1.000000 -1.000000 -1.000000 -1.000000 -1.000000 -1.000000 -1.000000 

0 
-1.000000 -1.000000 -1.000000 -1.000000 -1.000000 -1.000000 -1.000000 -1.000000 -1.000000 

6 2 5 20 32 39 179 
2385.527832 35.900002 754.375183 468.750000 9.863281 143.560547 5200.000000 20.000000 1686.666626 

3 14 29 181 
621.151978 10.794667 239.671097 109.132813 2.734375 43.799480 0.017000 0.002600 0.008533 

2 37 180 
106.266663 4.682667 55.474663 32.734375 10.355469 21.544922 -1.000000 -1.000000 -1.000000 

1 11 
2504.706543 2504.706543 2504.706543 242.187500 242.187500 242.187500 -1.000000 -1.000000 -1.000000 

9 8 13 34 35 125 153 163 169 173 
86.833328 17.978666 59.098373 12.890625 3.125000 10.156250 800.000000 470.000000 628.888916 

11 24 31 33 36 103 104 105 115 129 142 147 
387.471985 148.671997 259.900848 39.062500 14.062500 25.994318 1400.000000 600.000000 843.636353 

10 3 16 25 26 30 45 109 146 168 170 
1589.733276 394.833313 854.543335 164.062500 19.531250 84.863281 2300.000000 650.000000 1151.000000 

2 7 9 
2904.141357 2703.474609 2803.808105 328.125000 281.250000 304.687500 1500.000000 1200.000000 1350.000000 

0 
-1.000000 -1.000000 -1.000000 -1.000000 -1.000000 -1.000000 -1.000000 -1.000000 -1.000000 

0 
-1.000000 -1.000000 -1.000000 -1.000000 -1.000000 -1.000000 -1.000000 -1.000000 -1.000000 

0 
-1.000000 -1.000000 -1.000000 -1.000000 -1.000000 -1.000000 -1.000000 -1.000000 -1.000000 

0 
-1.000000 -1.000000 -1.000000 -1.000000 -1.000000 -1.000000 -1.000000 -1.000000 -1.000000 

0 
-1.000000 -1.000000 -1.000000 -1.000000 -1.000000 -1.000000 -1.000000 -1.000000 -1.000000 

1 42 
5.876000 5.876000 5.876000 2.070313 2.070313 2.070313 -1.000000 -1.000000 -1.000000 

0 
-1.000000 -1.000000 -1.000000 -1.000000 -1.000000 -1.000000 -1.000000 -1.000000 -1.000000 

0 
-1.000000 -1.000000 -1.000000 -1.000000 -1.000000 -1.000000 -1.000000 -1.000000 -1.000000 

0 
-1.000000 -1.000000 -1.000000 -1.000000 -1.000000 -1.000000 -1.000000 -1.000000 -1.000000 

0 
-1.000000 -1.000000 -1.000000 -1.000000 -1.000000 -1.000000 -1.000000 -1.000000 -1.000000 

4 4 11 12 17 
2504.706543 33.304001 777.738281 242.187500 7.300781 83.972656 300.000000 60.000000 180.000000 

22.500000 384.000000 120.833336 250.333328 

22.500000 327.000000 101.833336 122.318184 

22.500000 180.000000 52.833332 87.000000 

60.000000 60.000000 0.333333 60.000000 

-1.000000 -1.000000 0.333333 -1.000000 

0.000000 0.000000 0.333333 0.000000 

0 
-1.000000 -1.000000 -1.000000 -1.000000 -1.000000 -1.000000 -1.000000 -1.000000 -1.000000 

8 50 66 71 72 75 87 93 187 
368.958679 36.493336 187.854828 70.312500 7.421875 34.252930 1550.000000 600.000000 1131.250000 

0 
-1.000000 -1.000000 -1.000000 -1.000000 -1.000000 -1.000000 -1.000000 -1.000000 -1.000000 

2 186 191 
85.000000 72.453331 78.726669 12.109375 7.031250 9.570313 -1.000000 -1.000000 -1.000000 

5 60 78 95 96 97 
1638.594727 65.841331 579.564270 149.218750 13.750000 61.343750 -1.000000 -1.000000 -1.000000 

0 
-1.000000 -1.000000 -1.000000 -1.000000 -1.000000 -1.000000 -1.000000 -1.000000 -1.000000 

2 77 94 
218.933319 42.266666 130.599991 61.328125 10.546875 35.937500 6000.000000 3500.000000 4750.000000 

1 91 
86.733330 86.733330 86.733330 58.593750 58.593750 58.593750 1050.000000 1050.000000 1050.000000 

0 
-1.000000 -1.000000 -1.000000 -1.000000 -1.000000 -1.000000 -1.000000 -1.000000 -1.000000 

0 
-1.000000 -1.000000 -1.000000 -1.000000 -1.000000 -1.000000 -1.000000 -1.000000 -1.000000 

6 53 55 58 70 86 188 
2467.355957 36.410667 1025.947510 468.750000 9.863281 169.272781 5200.000000 25.000000 1650.833374 

3 65 79 190 
644.903992 11.585333 248.994675 109.863281 2.734375 44.042969 0.017000 0.002600 0.008533 

2 84 189 
110.337326 4.733334 57.535332 39.062500 10.449219 24.755859 -1.000000 -1.000000 -1.000000 

1 62 
2504.706543 2504.706543 2504.706543 242.187500 242.187500 242.187500 -1.000000 -1.000000 -1.000000 

17 51 73 74 80 82 83 92 102 110 119 133 144 154 156 157 174 175 
394.293335 13.811999 173.753571 46.875000 3.125000 19.790901 950.000000 450.000000 648.235291 

7 67 76 132 148 161 164 171 
1868.656006 451.822662 997.476196 199.218750 46.875000 106.026787 1250.000000 600.000000 1035.714233 

2 64 107 
5691.319824 2895.319824 4293.319824 593.750000 304.687500 449.218750 1400.000000 1350.000000 1375.000000 

1 101 
15586.666992 10000.000000 15586.666992 1757.812500 1757.812500 1757.812500 2100.000000 2100.000000 2100.000000 

0 
-1.000000 -1.000000 -1.000000 -1.000000 -1.000000 -1.000000 -1.000000 -1.000000 -1.000000 

0 
-1.000000 -1.000000 -1.000000 -1.000000 -1.000000 -1.000000 -1.000000 -1.000000 -1.000000 

0 
-1.000000 -1.000000 -1.000000 -1.000000 -1.000000 -1.000000 -1.000000 -1.000000 -1.000000 

0 
-1.000000 -1.000000 -1.000000 -1.000000 -1.000000 -1.000000 -1.000000 -1.000000 -1.000000 

0 
-1.000000 -1.000000 -1.000000 -1.000000 -1.000000 -1.000000 -1.000000 -1.000000 -1.000000 

1 89 
6.062667 6.062667 6.062667 2.128906 2.128906 2.128906 -1.000000 -1.000000 -1.000000 

0 
-1.000000 -1.000000 -1.000000 -1.000000 -1.000000 -1.000000 -1.000000 -1.000000 -1.000000 

0 
-1.000000 -1.000000 -1.000000 -1.000000 -1.000000 -1.000000 -1.000000 -1.000000 -1.000000 

0 
-1.000000 -1.000000 -1.000000 -1.000000 -1.000000 -1.000000 -1.000000 -1.000000 -1.000000 

0 
-1.000000 -1.000000 -1.000000 -1.000000 -1.000000 -1.000000 -1.000000 -1.000000 -1.000000 

4 57 62 63 68 
2504.706543 32.437332 786.010925 242.187500 7.226563 84.344727 300.000000 60.000000 180.000000 

21.000000 372.000000 117.333336 210.882355 

57.000000 99.000000 14.333333 84.857140 

52.500000 57.000000 1.833333 54.750000 

45.000000 45.000000 0.333333 45.000000 

-1.000000 -1.000000 0.333333 -1.000000 

0.000000 0.000000 0.333333 0.000000 

