MOD_LEARN_0_80 
0.000000 16.666666 0.000000 0.000000 0.000000 
92.950386 16.666666 7.049611 0.000000 0.000000 
0.000000 16.666666 0.000000 0.000000 0.000000 
90.000000 16.666666 10.000000 10.000000 10.000000 
0.000000 16.666666 10.000000 10.000000 10.000000 
0.000000 16.666666 0.000000 0.000000 0.000000 
71.367760 16.666666 28.632242 0.000000 0.000000 
0.000000 16.666666 0.000000 0.000000 0.000000 
80.000000 16.666666 20.000000 10.000000 10.000000 
0.000000 16.666666 90.000000 10.000000 10.000000 
0.360000 0.360000 0.000000 0.000000 
0.026341 0.023226 0.000000 0.000000 
0.035122 0.000000 0.000000 0.000000 
0.000000 0.000000 0.000000 0.000000 
0.000000 0.000000 0.000000 0.000000 
0.000000 0.000000 0.000000 0.000000 
1 1 0 1 900.000000 2448.000000 91.199997 14 0 1 11.039284 3.191000 11.039284 11.039284 11.039284 11.039284 19 
2 1 0 1 510.000000 102.666664 364.799988 22 0 1 5.253042 5.253042 5.253042 5.253042 5.253042 5.253042 23 
3 1 5 1 470.000000 71.866669 36.480000 28 7 1 5.177054 5.177054 5.177054 5.177054 5.177054 -1.000000 17 22 23 19 13 18 12 20 
4 1 0 2 900.000000 71.866669 30.400000 15 0 2 1.115746 1.549575 1.549575 1.549575 1.549575 1.192802 18 13 
5 1 0 2 800.000000 51.333332 30.400000 15 0 2 1.179865 1.963362 1.535391 1.535391 1.535391 1.535391 18 13 
6 1 0 2 0.000000 51.333332 30.400000 23 0 2 -1.000000 -1.000000 -1.000000 -1.000000 -1.000000 -1.000000 18 13 
7 2 0 2 3000.000000 75.500000 30.400000 15 0 2 1.552085 1.552085 1.552085 1.552085 1.552085 1.552085 79 83 
8 2 0 2 0.000000 50.333336 30.400000 0 0 3 -1.000000 -1.000000 -1.000000 -1.000000 -1.000000 -1.000000 82 79 83 
9 2 0 4 600.000000 424.200012 97.279999 16 0 1 6.046307 1.792966 6.046307 6.046307 6.046307 6.046307 80 
10 2 0 2 800.000000 40.266666 30.400000 15 0 1 1.527746 1.099775 1.527746 1.527746 1.527746 0.990027 79 
11 1 0 1 750.000000 143.733337 36.480000 14 0 1 5.354359 1.599221 5.354359 5.354359 5.354359 5.354359 20 
12 1 2 144 0.000000 18.240000 20.400000 4 6 3 20.000000 30.000000 -1.000000 -1.000000 0.000000 -1.000000 15 53 52 60 41 62 16 15 3 
13 1 2 144 0.000000 30.400000 71.866669 4 6 1 20.000000 40.000000 -1.000000 -1.000000 0.000000 -1.000000 5 29 63 42 6 4 3 
14 0 5 2 1000.000000 10133.333984 0.000000 0 12 0 30.000000 30.000000 30.000000 30.000000 30.000000 30.000000 21 24 47 40 18 12 26 25 27 28 44 64 
15 1 5 1 0.000000 20.400000 18.240000 28 11 1 -1.000000 -1.000000 -1.000000 -1.000000 -1.000000 -1.000000 21 24 47 12 20 26 25 27 28 44 64 12 
16 1 21 1 900.000000 60.666668 0.000000 13 12 0 5.149423 5.149423 5.149423 5.149423 5.149423 -1.000000 21 24 47 40 18 12 26 25 27 28 44 64 
17 1 0 144 0.000000 12.160000 71.866669 3 0 1 -1.000000 -1.000000 -1.000000 -1.000000 -1.000000 -1.000000 3 
18 1 2 144 0.000000 36.480000 60.666668 4 7 2 20.000000 40.000000 -1.000000 -1.000000 0.000000 -1.000000 5 29 42 63 6 40 4 16 3 
19 1 2 144 0.000000 91.199997 71.866669 4 5 1 100.000000 150.000000 -1.000000 -1.000000 0.000000 -1.000000 38 39 55 33 1 3 
20 1 2 144 0.000000 36.480000 20.400000 4 7 1 30.000000 60.000000 -1.000000 -1.000000 0.000000 -1.000000 3 58 37 59 56 57 11 15 
21 1 0 144 0.000000 15.200000 20.400000 11 0 2 0.004000 -1.000000 -1.000000 -1.000000 -1.000000 -1.000000 16 15 
22 1 0 144 0.000000 15.200000 71.866669 10 0 1 100.000000 6.578948 -1.000000 -1.000000 -1.000000 -1.000000 3 
23 1 2 144 0.000000 364.799988 71.866669 4 4 1 50.000000 100.000000 -1.000000 -1.000000 0.000000 -1.000000 50 51 61 2 3 
24 1 0 144 0.000000 9.120000 20.400000 10 0 2 40.000000 4.385965 -1.000000 -1.000000 -1.000000 -1.000000 16 15 
25 1 0 144 0.000000 3.040000 20.400000 6 0 2 -1.000000 -1.000000 -1.000000 -1.000000 -1.000000 -1.000000 15 16 
26 1 0 144 0.000000 0.200000 20.400000 0 0 2 -1.000000 -1.000000 -1.000000 -1.000000 -1.000000 -1.000000 15 16 
27 1 0 144 0.000000 1.200000 20.400000 0 0 2 -1.000000 -1.000000 -1.000000 -1.000000 -1.000000 -1.000000 15 16 
28 1 0 144 0.000000 1.200000 20.400000 0 0 2 -1.000000 -1.000000 -1.000000 -1.000000 -1.000000 -1.000000 15 16 
29 1 0 2 200.000000 51.333332 30.400000 15 0 2 1.535391 1.535391 1.535391 1.535391 1.535391 1.535391 18 13 
30 2 0 4 1500.000000 201.333344 36.480000 21 0 1 5.496466 1.639010 5.496466 5.496466 5.496466 5.496466 83 
31 2 0 1 750.000000 189.500000 72.959999 14 0 1 5.467271 1.630836 5.467271 5.467271 5.467271 5.467271 84 
32 2 0 1 750.000000 214.766678 72.959999 14 0 1 5.529607 1.648290 5.529607 5.529607 5.529607 5.529607 84 
33 1 0 1 900.000000 204.000000 91.199997 14 0 1 5.503045 1.640852 5.503045 5.503045 5.503045 5.503045 19 
34 2 0 1 140.000000 60.799999 15.200000 14 0 2 3.731387 1.541930 5.149752 5.149752 5.149752 5.149752 84 49 
35 2 0 1 700.000000 606.000000 97.279999 14 0 1 6.494831 1.918553 6.494831 6.494831 6.494831 6.494831 80 
36 2 0 2 700.000000 1502.880005 97.279999 15 0 1 2.538114 2.538114 2.538114 2.538114 2.538114 2.538114 80 
37 1 0 1 1500.000000 123.199997 36.480000 14 0 1 5.303700 1.585036 5.303700 5.303700 5.303700 5.303700 20 
38 1 0 1 900.000000 408.000000 91.199997 14 0 1 6.006339 1.781775 6.006339 6.006339 6.006339 6.006339 19 
39 1 0 1 900.000000 306.000000 91.199997 14 0 1 5.754692 1.711314 5.754692 5.754692 5.754692 5.754692 19 
40 1 0 2 0.000000 46.200001 36.480000 0 0 2 -1.000000 -1.000000 -1.000000 -1.000000 -1.000000 -1.000000 16 18 
41 1 0 4 450.000000 51.000000 18.240000 24 0 1 5.125574 5.125574 5.125574 5.125574 5.125574 5.125574 12 
42 1 0 2 2000.000000 38.500000 30.400000 15 0 2 0.446649 1.526526 1.526526 1.526526 1.526526 1.366451 18 13 
43 2 0 4 900.000000 757.500000 97.279999 16 0 1 6.868601 2.023208 6.868601 6.868601 6.868601 6.868601 80 
44 1 0 144 1000.000000 15.200000 20.400000 1 0 2 5.037251 1.510430 5.037251 5.037251 5.037251 5.037251 15 16 
45 2 0 2 800.000000 60.400002 30.400000 23 0 1 5.148765 5.148765 5.148765 5.148765 5.148765 5.148765 79 
46 2 0 1 800.000000 70.466667 30.400000 14 0 1 3.119528 1.548608 5.173600 5.173600 5.173600 5.173600 79 
47 1 0 144 0.000000 18.240000 20.400000 12 0 2 0.040541 -1.000000 -1.000000 -1.000000 -1.000000 -1.000000 16 15 
48 2 0 1 610.000000 303.000000 97.279999 22 0 1 5.747291 5.747291 5.747291 5.747291 5.747291 5.747291 80 
49 2 2 144 0.000000 15.200000 20.266666 4 9 3 20.000000 20.740742 -1.000000 -1.000000 0.000000 -1.000000 66 67 74 69 75 34 71 72 76 82 66 70 
50 1 0 1 450.000000 205.333328 364.799988 14 0 1 5.506334 1.641773 5.506334 5.506334 5.506334 5.506334 23 
51 1 0 1 600.000000 256.666687 364.799988 14 0 1 5.632980 1.677234 5.632980 5.632980 5.632980 5.632980 23 
52 1 0 1 450.000000 71.400002 18.240000 14 0 1 5.175903 1.549253 5.175903 5.175903 5.175903 5.175903 12 
53 1 0 1 600.000000 56.099998 18.240000 14 0 1 5.138156 1.538684 5.138156 5.138156 5.138156 5.138156 12 
54 0 0 2 900.000000 0.101333 0.000000 0 0 0 5.000000 5.000000 5.000000 5.000000 5.000000 5.000000 
55 1 0 1 900.000000 1224.000000 91.199997 14 0 1 8.019517 2.345465 8.019517 8.019517 8.019517 8.019517 19 
56 1 0 1 750.000000 143.733337 36.480000 14 0 1 5.354359 1.599221 5.354359 5.354359 5.354359 5.354359 20 
57 1 0 1 500.000000 143.733337 36.480000 14 0 1 5.354359 1.599221 5.354359 5.354359 5.354359 5.354359 20 
58 1 0 1 500.000000 102.666664 36.480000 14 0 1 5.253042 1.570852 5.253042 5.253042 5.253042 5.253042 20 
59 1 0 1 600.000000 112.933334 36.480000 14 0 1 5.278371 1.577944 5.278371 5.278371 5.278371 5.278371 20 
60 1 0 1 760.000000 153.000000 18.240000 14 0 1 5.377221 1.605622 5.377221 5.377221 5.377221 5.377221 12 
61 1 0 1 1100.000000 308.000000 364.799988 14 0 1 5.759626 1.712695 5.759626 5.759626 5.759626 5.759626 23 
62 1 0 1 800.000000 20.400000 18.240000 14 0 1 7.308945 1.514022 4.906418 5.050079 5.050079 5.998477 12 
63 1 0 2 800.000000 46.200001 30.400000 15 0 2 1.531845 1.531845 1.531845 1.531845 1.531845 1.531845 18 13 
64 1 0 144 700.000000 72.959999 20.400000 1 0 2 5.179752 1.550331 5.179752 5.179752 5.179752 5.179752 15 16 
65 2 0 4 2500.000000 402.666687 36.480000 21 0 1 5.993181 1.778091 5.993181 5.993181 5.993181 5.993181 83 
66 2 5 1 0.000000 20.266666 15.200000 28 11 1 -1.000000 -1.000000 -1.000000 -1.000000 -1.000000 -1.000000 93 94 92 49 84 89 87 90 91 85 88 49 
67 2 0 1 450.000000 50.666664 15.200000 14 0 1 3.977991 1.968760 5.124751 5.124751 5.124751 5.124751 49 
68 0 0 1 70.000000 40.533333 0.000000 0 0 0 5.099751 5.099751 5.099751 5.099751 5.099751 5.099751 
69 2 0 1 500.000000 51.680000 15.200000 14 0 1 6.220476 2.287488 5.127251 5.127251 5.127251 5.127251 49 
70 2 5 1 0.000000 37.900002 72.959999 28 8 1 -1.000000 -1.000000 -1.000000 -1.000000 -1.000000 -1.000000 86 96 80 84 79 83 49 78 84 
71 2 0 1 450.000000 81.066666 15.200000 14 0 1 5.199752 1.555931 5.199752 5.199752 5.199752 5.199752 49 
72 2 0 4 500.000000 153.000000 15.200000 16 0 1 5.520882 1.605622 5.377221 5.377221 5.377221 5.377221 49 
73 2 0 1 500.000000 126.333336 72.959999 14 0 1 5.311431 1.587201 5.311431 5.311431 5.311431 5.311431 84 
74 2 0 1 450.000000 40.533333 15.200000 14 0 1 5.844212 2.211475 5.099751 5.099751 5.099751 5.099751 49 
75 2 0 1 0.000000 40.533333 15.200000 22 0 1 -1.000000 -1.000000 -1.000000 -1.000000 -1.000000 -1.000000 49 
76 2 0 1 500.000000 60.666668 15.200000 14 0 1 5.672069 1.541838 5.149423 5.149423 5.149423 5.149423 49 
77 2 0 1 450.000000 88.433334 72.959999 14 0 1 5.217927 1.561019 5.217927 5.217927 5.217927 5.217927 84 
78 2 0 144 0.000000 3.040000 37.900002 5 0 1 -1.000000 -1.000000 -1.000000 -1.000000 -1.000000 -1.000000 70 
79 2 2 144 0.000000 30.400000 37.900002 4 5 2 40.000000 20.000000 -1.000000 -1.000000 0.000000 -1.000000 46 10 45 7 8 82 70 
80 2 2 144 0.000000 97.279999 37.900002 4 6 1 120.000000 90.000000 -1.000000 -1.000000 0.000000 -1.000000 95 9 48 35 43 36 70 
81 0 5 2 1100.000000 10133.333984 0.000000 0 12 0 30.000000 30.000000 30.000000 30.000000 30.000000 30.000000 93 94 92 8 79 49 89 87 90 91 85 88 
82 2 21 1 900.000000 60.666668 0.000000 13 12 0 5.149423 5.149423 5.149423 5.149423 5.149423 -1.000000 93 94 92 8 79 49 89 87 90 91 85 88 
83 2 2 144 0.000000 36.480000 37.900002 4 4 1 100.000000 50.000000 -1.000000 -1.000000 0.000000 -1.000000 30 65 7 8 70 
84 2 2 144 0.000000 72.959999 20.266666 4 6 2 48.333332 40.000000 -1.000000 -1.000000 0.000000 -1.000000 70 34 77 31 73 32 66 70 
85 2 0 144 1000.000000 15.200000 20.266666 1 0 2 4.172185 2.731665 5.037251 5.037251 5.037251 5.037251 66 82 
86 2 0 144 0.000000 12.160000 37.900002 3 0 1 -1.000000 -1.000000 -1.000000 -1.000000 -1.000000 -1.000000 70 
87 2 0 144 0.000000 3.040000 20.266666 6 0 2 -1.000000 -1.000000 -1.000000 -1.000000 -1.000000 -1.000000 66 82 
88 2 0 144 700.000000 72.959999 20.266666 1 0 2 5.179752 1.550331 5.179752 5.179752 5.179752 5.179752 66 82 
89 2 0 144 0.000000 0.200000 20.266666 0 0 2 -1.000000 -1.000000 -1.000000 -1.000000 -1.000000 -1.000000 66 82 
90 2 0 144 0.000000 1.200000 20.266666 0 0 2 -1.000000 -1.000000 -1.000000 -1.000000 -1.000000 -1.000000 66 82 
91 2 0 144 0.000000 1.200000 20.266666 0 0 2 -1.000000 -1.000000 -1.000000 -1.000000 -1.000000 -1.000000 66 82 
92 2 0 144 0.000000 18.240000 20.266666 12 0 2 0.040541 -1.000000 -1.000000 -1.000000 -1.000000 -1.000000 82 66 
93 2 0 144 0.000000 15.200000 20.266666 11 0 2 0.004000 -1.000000 -1.000000 -1.000000 -1.000000 -1.000000 82 66 
94 2 0 144 0.000000 3.040000 20.266666 10 0 2 30.000000 9.868422 -1.000000 -1.000000 -1.000000 -1.000000 82 66 
95 2 0 1 610.000000 242.399994 97.279999 22 0 1 5.597782 5.597782 5.597782 5.597782 5.597782 5.597782 80 
96 2 0 144 0.000000 15.200000 37.900002 10 0 1 100.000000 6.578948 -1.000000 -1.000000 -1.000000 -1.000000 70 
0 
-1.000000 -1.000000 -1.000000 -1.000000 -1.000000 -1.000000 -1.000000 -1.000000 -1.000000 

2 44 64 
72.959999 15.200000 44.079998 93.750000 19.531250 56.640625 1000.000000 700.000000 850.000000 

0 
-1.000000 -1.000000 -1.000000 -1.000000 -1.000000 -1.000000 -1.000000 -1.000000 -1.000000 

1 17 
12.160000 12.160000 12.160000 15.625000 15.625000 15.625000 -1.000000 -1.000000 -1.000000 

6 12 13 18 19 20 23 
364.799988 18.240000 96.266663 117.187500 23.437500 53.385418 -1.000000 -1.000000 -1.000000 

0 
-1.000000 -1.000000 -1.000000 -1.000000 -1.000000 -1.000000 -1.000000 -1.000000 -1.000000 

1 25 
3.040000 3.040000 3.040000 3.906250 3.906250 3.906250 700.000000 700.000000 700.000000 

0 
-1.000000 -1.000000 -1.000000 -1.000000 -1.000000 -1.000000 -1.000000 -1.000000 -1.000000 

0 
-1.000000 -1.000000 -1.000000 -1.000000 -1.000000 -1.000000 -1.000000 -1.000000 -1.000000 

0 
-1.000000 -1.000000 -1.000000 -1.000000 -1.000000 -1.000000 -1.000000 -1.000000 -1.000000 

2 22 24 
15.200000 9.120000 12.160000 19.531250 11.718750 15.625000 100.000000 40.000000 70.000000 

1 21 
15.200000 15.200000 15.200000 19.531250 19.531250 19.531250 0.004000 0.004000 0.004000 

1 47 
18.240000 18.240000 18.240000 23.437500 23.437500 23.437500 -1.000000 -1.000000 -1.000000 

1 16 
60.666668 60.666668 60.666668 156.250000 156.250000 156.250000 -1.000000 -1.000000 -1.000000 

18 1 11 33 37 38 39 50 51 52 53 55 56 57 58 59 60 61 62 
2448.000000 20.400000 357.272217 3750.000000 31.250000 546.440979 1500.000000 450.000000 770.000000 

5 4 5 29 42 63 
71.866669 38.500000 51.846668 109.375000 58.593750 78.906250 2000.000000 200.000000 940.000000 

0 
-1.000000 -1.000000 -1.000000 -1.000000 -1.000000 -1.000000 -1.000000 -1.000000 -1.000000 

0 
-1.000000 -1.000000 -1.000000 -1.000000 -1.000000 -1.000000 -1.000000 -1.000000 -1.000000 

0 
-1.000000 -1.000000 -1.000000 -1.000000 -1.000000 -1.000000 -1.000000 -1.000000 -1.000000 

0 
-1.000000 -1.000000 -1.000000 -1.000000 -1.000000 -1.000000 -1.000000 -1.000000 -1.000000 

0 
-1.000000 -1.000000 -1.000000 -1.000000 -1.000000 -1.000000 -1.000000 -1.000000 -1.000000 

0 
-1.000000 -1.000000 -1.000000 -1.000000 -1.000000 -1.000000 -1.000000 -1.000000 -1.000000 

1 2 
102.666664 102.666664 102.666664 156.250000 156.250000 156.250000 -1.000000 -1.000000 -1.000000 

1 6 
51.333332 51.333332 51.333332 78.125000 78.125000 78.125000 -1.000000 -1.000000 -1.000000 

1 41 
51.000000 51.000000 51.000000 78.125000 78.125000 78.125000 -1.000000 -1.000000 -1.000000 

0 
-1.000000 -1.000000 -1.000000 -1.000000 -1.000000 -1.000000 -1.000000 -1.000000 -1.000000 

0 
-1.000000 -1.000000 -1.000000 -1.000000 -1.000000 -1.000000 -1.000000 -1.000000 -1.000000 

0 
-1.000000 -1.000000 -1.000000 -1.000000 -1.000000 -1.000000 -1.000000 -1.000000 -1.000000 

3 3 15 16 
71.866669 20.400000 50.977779 156.250000 31.250000 98.958336 800.000000 400.000000 533.333313 

60.000000 180.000000 40.333332 90.666664 

210.000000 270.000000 20.333334 240.000000 

-1.000000 -1.000000 -1.000000 -1.000000 

-1.000000 -1.000000 -1.000000 -1.000000 

-1.000000 -1.000000 -1.000000 -1.000000 

0.000000 0.000000 0.000000 0.000000 

0 
-1.000000 -1.000000 -1.000000 -1.000000 -1.000000 -1.000000 -1.000000 -1.000000 -1.000000 

2 85 88 
72.959999 15.200000 44.079998 93.750000 19.531250 56.640625 1000.000000 700.000000 850.000000 

0 
-1.000000 -1.000000 -1.000000 -1.000000 -1.000000 -1.000000 -1.000000 -1.000000 -1.000000 

1 86 
12.160000 12.160000 12.160000 15.625000 15.625000 15.625000 -1.000000 -1.000000 -1.000000 

5 49 79 80 83 84 
97.279999 15.200000 50.464001 125.000000 19.531250 64.843750 -1.000000 -1.000000 -1.000000 

1 78 
3.040000 3.040000 3.040000 3.906250 3.906250 3.906250 -1.000000 -1.000000 -1.000000 

1 87 
3.040000 3.040000 3.040000 3.906250 3.906250 3.906250 1000.000000 1000.000000 1000.000000 

0 
-1.000000 -1.000000 -1.000000 -1.000000 -1.000000 -1.000000 -1.000000 -1.000000 -1.000000 

0 
-1.000000 -1.000000 -1.000000 -1.000000 -1.000000 -1.000000 -1.000000 -1.000000 -1.000000 

0 
-1.000000 -1.000000 -1.000000 -1.000000 -1.000000 -1.000000 -1.000000 -1.000000 -1.000000 

2 94 96 
15.200000 3.040000 9.120000 19.531250 7.812500 13.671875 100.000000 30.000000 65.000000 

1 93 
15.200000 15.200000 15.200000 19.531250 19.531250 19.531250 0.004000 0.004000 0.004000 

1 92 
18.240000 18.240000 18.240000 23.437500 23.437500 23.437500 -1.000000 -1.000000 -1.000000 

1 82 
60.666668 60.666668 60.666668 156.250000 156.250000 156.250000 -1.000000 -1.000000 -1.000000 

12 31 32 34 35 46 67 69 71 73 74 76 77 
606.000000 40.533333 136.742783 781.250000 54.687500 177.864578 800.000000 140.000000 536.666687 

3 7 10 36 
1502.880005 40.266666 539.548889 1937.500000 31.250000 675.781250 3000.000000 700.000000 1500.000000 

3 9 43 72 
757.500000 153.000000 444.899994 976.562500 234.375000 585.937500 900.000000 500.000000 666.666687 

0 
-1.000000 -1.000000 -1.000000 -1.000000 -1.000000 -1.000000 -1.000000 -1.000000 -1.000000 

0 
-1.000000 -1.000000 -1.000000 -1.000000 -1.000000 -1.000000 -1.000000 -1.000000 -1.000000 

0 
-1.000000 -1.000000 -1.000000 -1.000000 -1.000000 -1.000000 -1.000000 -1.000000 -1.000000 

0 
-1.000000 -1.000000 -1.000000 -1.000000 -1.000000 -1.000000 -1.000000 -1.000000 -1.000000 

2 30 65 
402.666687 201.333344 302.000000 312.500000 156.250000 234.375000 -1.000000 -1.000000 -1.000000 

3 48 75 95 
303.000000 40.533333 195.311111 390.625000 62.500000 255.208328 -1.000000 -1.000000 -1.000000 

1 45 
60.400002 60.400002 60.400002 46.875000 46.875000 46.875000 -1.000000 -1.000000 -1.000000 

0 
-1.000000 -1.000000 -1.000000 -1.000000 -1.000000 -1.000000 -1.000000 -1.000000 -1.000000 

0 
-1.000000 -1.000000 -1.000000 -1.000000 -1.000000 -1.000000 -1.000000 -1.000000 -1.000000 

0 
-1.000000 -1.000000 -1.000000 -1.000000 -1.000000 -1.000000 -1.000000 -1.000000 -1.000000 

0 
-1.000000 -1.000000 -1.000000 -1.000000 -1.000000 -1.000000 -1.000000 -1.000000 -1.000000 

3 66 70 82 
60.666668 20.266666 39.611111 156.250000 31.250000 78.125000 800.000000 400.000000 533.333313 

36.000000 150.000000 38.333332 73.500000 

240.000000 240.000000 0.333333 240.000000 

120.000000 189.000000 23.333334 149.000000 

-1.000000 -1.000000 -1.000000 -1.000000 

-1.000000 -1.000000 -1.000000 -1.000000 

0.000000 0.000000 0.000000 0.000000 

