MOD_LEARN_0_80 
0.000000 20.000000 0.000000 0.000000 0.000000 
91.120834 20.000000 8.879169 0.000000 0.000000 
0.000000 20.000000 0.000000 0.000000 0.000000 
70.833336 20.000000 12.500000 10.000000 10.000000 
0.000000 20.000000 42.857143 28.571428 28.571428 
0.000000 20.000000 0.000000 0.000000 0.000000 
96.401413 20.000000 3.598587 0.000000 0.000000 
0.000000 20.000000 0.000000 0.000000 0.000000 
72.000000 20.000000 10.000000 10.000000 12.000000 
0.000000 20.000000 28.571428 28.571428 42.857143 
0.000000 0.617144 0.617144 0.042805 
0.000000 0.000000 0.012571 0.003203 
0.000000 0.000000 0.008780 0.004011 
0.000000 0.000000 0.000000 0.000000 
0.000000 0.000000 0.000000 0.000000 
0.000000 0.000000 0.000000 0.000000 
1 1 2 144 0.000000 278.361328 13.380000 4 11 8 4.589453 108.470757 -1.000000 -1.000000 0.000000 -1.000000 2 86 57 22 92 38 84 67 14 106 31 31 35 29 32 28 33 30 26 
2 1 5 2 0.000000 30.064001 278.361328 28 26 1 -1.000000 -1.000000 -1.000000 -1.000000 -1.000000 -1.000000 13 9 53 81 21 102 17 96 12 46 51 55 24 80 124 136 121 135 66 37 68 76 39 58 111 97 1 
3 1 5 1 0.000000 37.711998 256.136017 28 26 1 -1.000000 -1.000000 -1.000000 -1.000000 -1.000000 -1.000000 66 9 53 81 21 102 17 96 12 46 51 55 24 80 124 136 121 135 13 37 68 76 39 58 111 97 6 
4 1 5 72 0.000000 79.590668 275.602661 28 25 1 -1.000000 -1.000000 -1.000000 -1.000000 -1.000000 -1.000000 111 10 131 11 107 50 49 130 133 119 110 128 132 37 51 66 135 13 58 9 82 97 12 134 101 7 
5 1 5 1 0.000000 53.784004 253.600006 28 26 1 -1.000000 -1.000000 -1.000000 -1.000000 -1.000000 -1.000000 135 9 53 81 21 102 17 96 12 46 51 55 24 80 124 136 121 66 13 37 68 76 39 58 111 97 8 
6 1 2 144 0.000000 256.136017 13.380000 4 16 9 8.817408 130.233185 -1.000000 -1.000000 0.000000 -1.000000 3 140 45 61 40 141 72 137 71 48 89 112 60 35 42 100 29 35 42 31 32 28 33 30 26 
7 1 2 304 0.000000 275.602661 13.380000 4 9 8 13.768519 143.282135 -1.000000 -1.000000 0.000000 -1.000000 4 25 93 99 27 77 41 18 44 32 35 29 31 28 33 30 26 
8 1 2 144 0.000000 253.600006 13.380000 4 13 8 11.050613 102.125771 -1.000000 -1.000000 0.000000 -1.000000 5 129 23 62 69 117 108 73 90 91 105 85 79 35 29 31 32 28 33 30 26 
9 1 0 144 0.000000 14.940000 30.064001 6 0 5 -1.000000 -1.000000 -1.000000 -1.000000 -1.000000 -1.000000 2 3 5 42 4 
10 1 0 304 0.000000 39.467999 79.590668 0 0 1 -1.000000 -1.000000 -1.000000 -1.000000 -1.000000 -1.000000 4 
11 1 0 304 1500.000000 292.122650 79.590668 1 0 1 7.217556 2.120916 7.217556 7.217556 7.217556 7.217556 4 
12 1 0 144 0.000000 13.437334 30.064001 5 0 6 -1.000000 -1.000000 -1.000000 -1.000000 -1.000000 -1.000000 2 3 5 29 31 4 
13 1 2 144 0.000000 86.826668 13.380000 4 6 12 1.674384 52.706936 -1.000000 -1.000000 0.000000 -1.000000 28 86 52 125 19 127 33 28 31 2 29 3 35 5 4 32 30 26 
14 1 0 2 450.000000 49.124001 189.494659 15 0 2 1.602937 1.602937 1.602937 1.602937 1.602937 1.602937 1 107 
15 1 0 144 1330.000000 155.899994 13.380000 1 0 5 8.690077 1.830542 6.651475 6.180507 6.180507 6.180507 29 31 28 33 30 
16 1 0 4 400.000000 93.503998 187.735992 16 0 1 7.571119 1.697538 5.705492 5.705492 5.705492 5.326332 58 
17 1 0 144 1850.000000 703.333374 30.064001 1 0 3 15.672852 2.997458 10.898918 10.348063 10.348063 10.446877 2 3 5 
18 1 0 40 850.000000 246.743988 275.602661 17 0 1 6.872093 2.024186 6.872093 6.872093 6.872093 6.872093 7 
19 1 0 2 0.000000 14.005333 86.826668 0 0 2 -1.000000 -1.000000 -1.000000 -1.000000 -1.000000 -1.000000 107 13 
20 1 0 4 0.000000 25.728001 187.735992 0 0 1 -1.000000 -1.000000 -1.000000 -1.000000 -1.000000 -1.000000 58 
21 1 0 144 3800.000000 601.640015 30.064001 2 0 3 7.016400 3800.000000 9.573881 9.573881 9.573881 9.573881 2 3 5 
22 1 0 2 450.000000 52.500000 278.361328 15 0 1 1.610133 1.610133 1.610133 1.610133 1.610133 1.610133 1 
23 1 0 1 420.000000 141.977325 253.600006 14 0 1 13.769019 1.800864 6.074515 6.074515 6.074515 6.473457 8 
24 1 0 144 0.000000 598.077332 30.064001 10 0 3 1000.000000 1.672025 -1.000000 -1.000000 -1.000000 -1.000000 2 3 5 
25 1 0 40 0.000000 220.809326 275.602661 0 0 1 -1.000000 -1.000000 -1.000000 -1.000000 -1.000000 -1.000000 7 
26 1 21 1 240.000000 262.544006 0.000000 13 27 0 6.992377 6.992377 6.992377 6.992377 6.992377 -1.000000 115 138 39 76 74 75 66 135 13 111 68 98 116 126 130 133 132 50 128 37 58 49 8 6 1 7 107 
27 1 0 40 1850.000000 344.494690 275.602661 20 0 1 7.616259 2.232553 7.616259 7.616259 7.616259 7.616259 7 
28 1 5 2 0.000000 13.380000 86.826668 28 23 1 -1.000000 -1.000000 -1.000000 -1.000000 -1.000000 -1.000000 115 138 39 76 74 75 66 135 13 111 68 98 1 54 109 36 37 15 58 107 8 6 7 13 
29 1 5 4 0.000000 45.426666 187.735992 28 38 1 -1.000000 -1.000000 -1.000000 -1.000000 -1.000000 -1.000000 115 138 39 76 74 75 66 135 13 111 68 98 6 54 109 36 37 15 116 126 130 133 132 50 110 49 119 128 58 107 8 1 7 134 81 12 96 101 58 
30 1 5 1 0.000000 14.570666 72.006668 28 24 1 -1.000000 -1.000000 -1.000000 -1.000000 -1.000000 -1.000000 115 138 39 76 74 75 66 135 13 111 68 98 128 6 54 109 36 37 15 58 107 8 1 7 66 
31 1 5 2 0.000000 30.157333 189.494659 28 38 2 -1.000000 -1.000000 -1.000000 -1.000000 -1.000000 -1.000000 115 138 39 76 74 75 66 135 13 111 68 98 1 54 109 36 37 15 116 126 130 133 132 50 110 49 119 128 58 107 7 8 6 81 12 134 96 101 107 1 
32 1 5 40 0.000000 28.340000 62.533333 28 22 1 -1.000000 -1.000000 -1.000000 -1.000000 -1.000000 -1.000000 7 128 126 116 68 111 110 130 50 133 119 132 49 66 135 58 13 37 107 8 6 1 111 
33 1 5 1 0.000000 21.206667 63.333332 28 24 1 -1.000000 -1.000000 -1.000000 -1.000000 -1.000000 -1.000000 115 138 39 76 74 75 66 135 13 111 68 98 128 8 54 109 36 37 15 58 107 6 1 7 135 
34 1 0 40 700.000000 157.665329 62.533333 17 0 1 6.193946 1.834305 6.193946 6.193946 6.193946 6.193946 111 
35 1 5 1 240.000000 87.514664 256.136017 28 27 1 5.659896 5.659896 5.659896 5.659896 5.659896 -1.000000 115 138 39 76 74 75 66 135 13 111 68 98 116 126 130 133 132 50 128 37 58 49 8 6 1 7 107 6 
36 1 0 144 700.000000 9.024000 13.380000 1 0 5 1.478828 1.997928 4.428377 5.062355 5.062355 5.256045 29 31 28 33 30 
37 1 0 144 0.000000 0.833333 13.380000 0 0 13 -1.000000 -1.000000 -1.000000 -1.000000 -1.000000 -1.000000 2 3 35 5 42 29 31 4 32 28 33 30 26 
38 1 0 2 0.000000 43.749336 278.361328 23 0 1 -1.000000 -1.000000 -1.000000 -1.000000 -1.000000 -1.000000 1 
39 1 0 144 0.000000 27.240000 13.380000 3 0 10 -1.000000 -1.000000 -1.000000 -1.000000 -1.000000 -1.000000 26 30 33 28 31 2 29 3 35 5 
40 1 0 1 0.000000 20.377333 256.136017 26 0 1 -1.000000 -1.000000 -1.000000 -1.000000 -1.000000 -1.000000 6 
41 1 0 40 0.000000 89.669334 275.602661 26 0 1 -1.000000 -1.000000 -1.000000 -1.000000 -1.000000 -1.000000 7 
42 1 13 1 0.000000 154.335999 256.136017 28 10 1 -1.000000 -1.000000 -1.000000 -1.000000 -1.000000 -1.000000 9 68 81 37 51 54 46 109 66 6 6 
43 1 0 144 0.000000 2.136000 16.674667 0 0 1 -1.000000 -1.000000 -1.000000 -1.000000 -1.000000 -1.000000 94 
44 1 0 40 0.000000 92.695999 275.602661 26 0 1 -1.000000 -1.000000 -1.000000 -1.000000 -1.000000 -1.000000 7 
45 1 0 1 770.000000 44.541332 256.136017 14 0 1 5.707832 1.593168 5.332745 5.332745 5.332745 5.332745 6 
46 1 0 144 700.000000 130.133331 30.064001 1 0 4 5.984348 1.775617 5.984348 5.984348 5.984348 5.984348 2 3 5 42 
47 1 0 1 180.000000 13.392000 63.333332 14 0 1 2.513202 1.526770 5.095608 5.095608 5.095608 3.741194 135 
48 1 0 1 350.000000 36.689335 256.136017 22 0 1 5.272968 5.272968 5.272968 5.272968 5.272968 5.272968 6 
49 1 0 304 0.000000 2.800000 28.340000 0 0 6 -1.000000 -1.000000 -1.000000 -1.000000 -1.000000 -1.000000 35 29 31 4 32 26 
50 1 0 304 0.000000 2.073333 28.340000 12 0 6 0.016575 -1.000000 -1.000000 -1.000000 -1.000000 -1.000000 35 29 31 4 32 26 
51 1 0 144 0.000000 3.600000 30.064001 0 0 5 -1.000000 -1.000000 -1.000000 -1.000000 -1.000000 -1.000000 2 3 5 42 4 
52 1 0 2 510.000000 17.511999 86.826668 15 0 1 1.178678 1.181701 1.185543 1.535553 1.535553 1.177988 13 
53 1 0 144 0.000000 1402.693359 30.064001 10 0 3 3000.000000 2.138743 -1.000000 -1.000000 -1.000000 -1.000000 2 3 5 
54 1 0 144 0.000000 64.757339 13.380000 10 0 6 250.000000 3.860566 -1.000000 -1.000000 -1.000000 -1.000000 42 29 31 28 33 30 
55 1 0 144 1950.000000 292.634674 30.064001 1 0 3 7.301742 2.122007 7.221454 7.221454 7.221454 7.221454 2 3 5 
56 1 0 1 454.000000 20.878666 72.006668 14 0 1 3.419077 0.414811 5.571062 5.152603 5.152603 6.252865 66 
57 1 0 2 510.000000 34.590668 189.494659 15 0 2 1.571958 1.571958 1.571958 1.571958 1.571958 1.571958 1 107 
58 1 2 144 0.000000 187.735992 13.380000 4 6 12 9.829048 100.960854 -1.000000 -1.000000 0.000000 -1.000000 29 114 16 123 139 20 2 3 35 5 29 31 4 32 28 33 30 26 
59 1 0 40 0.000000 32.661335 62.533333 0 0 1 -1.000000 -1.000000 -1.000000 -1.000000 -1.000000 -1.000000 111 
60 1 0 1 0.000000 25.091999 256.136017 0 0 1 -1.000000 -1.000000 -1.000000 -1.000000 -1.000000 -1.000000 6 
61 1 0 1 0.000000 13.397333 256.136017 26 0 1 -1.000000 -1.000000 -1.000000 -1.000000 -1.000000 -1.000000 6 
62 1 0 1 0.000000 26.662668 253.600006 26 0 1 -1.000000 -1.000000 -1.000000 -1.000000 -1.000000 -1.000000 8 
63 1 0 1 160.000000 13.356000 63.333332 22 0 1 5.095334 5.095334 5.095334 5.095334 5.095334 5.095334 135 
64 1 0 1 700.000000 14.425333 72.006668 14 0 1 2.517646 2.437128 4.692195 5.103475 5.103475 4.886473 66 
65 1 0 144 0.000000 10.550667 16.674667 0 0 1 -1.000000 -1.000000 -1.000000 -1.000000 -1.000000 -1.000000 94 
66 1 2 144 0.000000 72.006668 13.380000 4 7 13 5.358257 51.134701 -1.000000 -1.000000 0.000000 -1.000000 30 87 103 56 64 141 118 26 30 33 28 31 2 29 3 35 5 42 4 32 
67 1 0 2 400.000000 46.383999 189.494659 15 0 2 1.597096 1.597096 1.597096 1.597096 1.597096 1.597096 1 107 
68 1 0 144 550.000000 27.249334 13.380000 1 0 12 9.459053 1.746791 5.549430 5.201102 5.201102 5.201102 31 2 29 3 35 5 42 32 28 33 30 26 
69 1 0 1 1240.000000 117.013329 253.600006 19 0 1 5.884467 1.747651 5.884467 5.884467 5.884467 5.884467 8 
70 1 0 72 860.000000 64.065331 62.533333 18 0 1 5.481379 1.634786 5.481379 5.481379 5.481379 5.481379 111 
71 1 0 1 0.000000 11.036000 256.136017 0 0 1 -1.000000 -1.000000 -1.000000 -1.000000 -1.000000 -1.000000 6 
72 1 0 1 600.000000 76.462662 256.136017 14 0 1 7.612467 1.331201 5.986047 5.575758 5.575758 5.762577 6 
73 1 0 1 1300.000000 74.792000 253.600006 19 0 1 5.563040 1.657651 5.563040 5.563040 5.563040 5.563040 8 
74 1 0 144 0.000000 5.694667 13.380000 11 0 7 0.001000 -1.000000 -1.000000 -1.000000 -1.000000 -1.000000 26 30 33 28 31 29 35 
75 1 0 144 0.000000 1.016000 13.380000 12 0 7 0.016393 -1.000000 -1.000000 -1.000000 -1.000000 -1.000000 26 30 33 28 31 29 35 
76 1 0 144 0.000000 31.213333 13.380000 3 0 10 -1.000000 -1.000000 -1.000000 -1.000000 -1.000000 -1.000000 26 30 33 28 31 2 29 3 35 5 
77 1 0 40 2850.000000 969.338684 275.602661 20 0 1 12.373135 3.564477 12.373135 12.373135 12.373135 12.373135 7 
78 1 0 144 0.000000 1.634667 16.674667 0 0 1 -1.000000 -1.000000 -1.000000 -1.000000 -1.000000 -1.000000 94 
79 1 0 1 0.000000 232.300003 253.600006 0 0 1 -1.000000 -1.000000 -1.000000 -1.000000 -1.000000 -1.000000 8 
80 1 0 144 0.000000 12.566667 30.064001 12 0 3 0.016649 -1.000000 -1.000000 -1.000000 -1.000000 -1.000000 2 3 5 
81 1 0 144 0.000000 81.199997 30.064001 11 0 6 0.006000 -1.000000 -1.000000 -1.000000 -1.000000 -1.000000 2 3 5 42 29 31 
82 1 0 304 700.000000 130.133331 79.590668 1 0 1 5.984348 1.775617 5.984348 5.984348 5.984348 5.984348 4 
83 1 0 144 0.000000 58.333332 16.674667 0 0 1 -1.000000 -1.000000 -1.000000 -1.000000 -1.000000 -1.000000 94 
84 1 0 2 666.000000 65.362663 278.361328 15 0 1 1.637552 1.637552 1.637552 1.637552 1.637552 1.637552 1 
85 1 0 1 704.000000 81.013329 253.600006 14 0 1 6.418668 2.086091 5.610402 5.610402 5.610402 5.610402 8 
86 1 0 2 0.000000 5.994666 86.826668 23 0 3 -1.000000 -1.000000 -1.000000 -1.000000 -1.000000 -1.000000 1 107 13 
87 1 0 1 195.000000 9.529333 72.006668 14 0 1 3.231216 1.518536 4.715025 5.066202 5.066202 2.784005 66 
88 0 0 1 0.000000 9.529333 0.000000 0 0 0 -1.000000 -1.000000 -1.000000 -1.000000 -1.000000 -1.000000 
89 1 0 4 700.000000 43.335999 256.136017 16 0 1 5.323568 1.590599 5.323568 5.323568 5.323568 5.323568 6 
90 1 0 1 1000.000000 189.134674 253.600006 14 0 1 8.234321 1.901385 6.433519 6.433519 6.433519 6.600384 8 
91 1 0 1 680.000000 97.000000 253.600006 14 0 1 6.375527 2.906432 5.732107 5.732107 5.732107 6.606032 8 
92 1 0 2 1200.000000 46.647999 278.361328 15 0 1 1.597659 1.597659 1.597659 1.597659 1.597659 1.597659 1 
93 1 0 72 950.000000 127.816002 275.602661 18 0 1 5.966706 1.770678 5.966706 5.966706 5.966706 5.966706 7 
94 1 4 1 0.000000 16.674667 63.333332 28 6 1 -1.000000 -1.000000 -1.000000 -1.000000 -1.000000 -1.000000 43 78 95 65 83 122 135 
95 1 0 144 0.000000 3.857333 16.674667 0 0 1 -1.000000 -1.000000 -1.000000 -1.000000 -1.000000 -1.000000 94 
96 1 0 144 32000.000000 261.033356 30.064001 8 0 5 6.980876 6.980876 6.980876 6.980876 6.980876 6.980876 2 3 5 29 31 
97 1 0 144 0.000000 52.230663 30.064001 7 0 4 -1.000000 -1.000000 -1.000000 -1.000000 -1.000000 -1.000000 3 5 2 4 
98 1 0 144 0.000000 5.900000 13.380000 6 0 7 -1.000000 -1.000000 -1.000000 -1.000000 -1.000000 -1.000000 31 29 35 28 33 30 26 
99 1 0 40 1450.000000 192.007996 275.602661 20 0 1 6.455394 1.907510 6.455394 6.455394 6.455394 6.455394 7 
100 1 0 1 1200.000000 221.199997 256.136017 19 0 1 6.677629 1.969736 6.677629 6.677629 6.677629 6.677629 6 
101 1 0 304 32000.000000 284.385345 30.157333 8 0 3 7.158653 7.158653 7.158653 7.158653 7.158653 7.158653 29 31 4 
102 1 0 144 32000.000000 644.024048 30.064001 8 0 3 9.896546 9.896546 9.896546 9.896546 9.896546 9.896546 2 3 5 
103 1 0 1 400.000000 18.200001 72.006668 14 0 1 2.780327 1.098356 5.685881 5.132211 5.132211 4.176178 66 
104 1 0 1 710.000000 16.612000 63.333332 14 0 1 2.956017 1.477699 4.740753 5.120121 5.120121 4.683816 135 
105 1 0 1 27000.000000 261.033356 253.600006 27 0 1 6.980876 6.980876 6.980876 6.980876 6.980876 6.980876 8 
106 1 0 2 0.000000 37.965332 189.494659 0 0 2 -1.000000 -1.000000 -1.000000 -1.000000 -1.000000 -1.000000 1 107 
107 1 2 304 0.000000 189.494659 13.380000 4 8 9 4.333246 112.448975 -1.000000 -1.000000 0.000000 -1.000000 31 86 57 67 14 127 106 19 4 35 29 31 32 28 33 30 26 
108 1 0 1 0.000000 9.754667 253.600006 0 0 1 -1.000000 -1.000000 -1.000000 -1.000000 -1.000000 -1.000000 8 
109 1 0 144 890.000000 91.875999 13.380000 1 0 6 5.356773 1.694068 5.693099 5.693099 5.693099 5.693099 42 29 31 28 33 30 
110 1 0 304 700.000000 12.674666 28.340000 1 0 4 5.090147 1.525241 5.090147 5.090147 5.090147 5.090147 29 31 4 32 
111 1 2 304 0.000000 62.533333 13.380000 4 5 12 6.964212 40.036629 -1.000000 -1.000000 0.000000 -1.000000 32 113 34 59 70 28 4 31 29 3 35 5 2 32 33 30 26 
112 1 0 1 1100.000000 113.136002 256.136017 19 0 1 5.854949 1.739386 5.854949 5.854949 5.854949 5.854949 6 
113 1 0 40 704.000000 18.998667 62.533333 25 0 1 5.138291 5.138291 5.138291 5.138291 5.138291 5.138291 111 
114 1 0 4 315.000000 33.234669 187.735992 24 0 1 5.246668 5.246668 5.246668 5.246668 5.246668 5.246668 58 
115 1 0 144 0.000000 14.500000 13.380000 10 0 7 20.000000 1.379310 -1.000000 -1.000000 -1.000000 -1.000000 26 30 33 28 31 29 35 
116 1 0 304 0.000000 8.612000 28.340000 6 0 5 -1.000000 -1.000000 -1.000000 -1.000000 -1.000000 -1.000000 35 29 31 32 26 
117 1 0 1 310.000000 38.020000 253.600006 14 0 1 4.674758 1.579268 5.283098 5.283098 5.283098 4.946706 8 
118 1 0 1 0.000000 7.801333 72.006668 0 0 1 -1.000000 -1.000000 -1.000000 -1.000000 -1.000000 -1.000000 66 
119 1 0 304 1250.000000 146.456009 28.340000 1 0 4 6.108611 1.810411 6.108611 6.108611 6.108611 6.108611 29 31 4 32 
120 1 0 1 385.000000 18.694668 63.333332 14 0 1 3.129818 0.939867 5.135976 5.135976 5.135976 4.807642 135 
121 1 0 144 5120.000000 713.096008 30.064001 2 0 3 8.715858 5120.000000 10.422384 10.422384 10.422384 10.422384 2 3 5 
122 1 0 144 0.000000 18.953335 16.674667 0 0 1 -1.000000 -1.000000 -1.000000 -1.000000 -1.000000 -1.000000 94 
123 1 0 4 650.000000 27.850666 187.735992 16 0 1 5.032507 2.136240 5.205680 5.205680 5.205680 4.466902 58 
124 1 0 144 0.000000 87.178665 30.064001 0 0 3 -1.000000 -1.000000 -1.000000 -1.000000 -1.000000 -1.000000 2 3 5 
125 1 0 2 1200.000000 20.327999 86.826668 15 0 1 1.541555 1.541555 1.541555 1.541555 1.541555 1.541555 13 
126 1 0 304 0.000000 9.224000 28.340000 10 0 5 0.000000 0.000000 -1.000000 -1.000000 -1.000000 -1.000000 35 29 31 32 26 
127 1 0 2 380.000000 21.809332 86.826668 15 0 2 1.574542 1.544713 1.544713 1.544713 1.544713 1.678046 107 13 
128 1 0 304 900.000000 65.962662 14.570666 1 0 8 5.495823 1.638830 5.495823 5.495823 5.495823 5.495823 35 29 31 4 32 33 30 26 
129 1 0 1 380.000000 54.810669 253.600006 14 0 1 6.065537 1.615059 5.410924 5.410924 5.410924 5.803259 8 
130 1 0 336 0.000000 32.333336 28.340000 3 0 6 -1.000000 -1.000000 -1.000000 -1.000000 -1.000000 -1.000000 35 29 31 4 32 26 
131 1 0 336 0.000000 780.882690 79.590668 10 0 1 1850.000000 2.369114 -1.000000 -1.000000 -1.000000 -1.000000 4 
132 1 0 336 0.000000 15.765333 28.340000 11 0 6 0.001150 -1.000000 -1.000000 -1.000000 -1.000000 -1.000000 35 29 31 4 32 26 
133 1 0 336 0.000000 37.673332 28.340000 3 0 6 -1.000000 -1.000000 -1.000000 -1.000000 -1.000000 -1.000000 35 29 31 4 32 26 
134 1 0 336 0.000000 97.430664 30.157333 11 0 3 0.005900 -1.000000 -1.000000 -1.000000 -1.000000 -1.000000 29 31 4 
135 1 2 144 0.000000 63.333332 13.380000 4 6 12 5.535187 50.533051 -1.000000 -1.000000 0.000000 -1.000000 33 63 47 120 104 94 30 33 28 31 2 29 3 35 5 4 32 26 
136 1 0 144 7860.000000 2954.063965 30.064001 2 0 3 30.540640 7860.000000 27.482649 27.482649 27.482649 27.482649 2 3 5 
137 1 0 1 360.000000 67.744003 256.136017 14 0 1 5.509384 1.642628 5.509384 5.509384 5.509384 5.509384 6 
138 1 0 144 0.000000 5.878667 13.380000 0 0 7 -1.000000 -1.000000 -1.000000 -1.000000 -1.000000 -1.000000 26 30 33 28 31 29 35 
139 1 0 4 1300.000000 73.349335 187.735992 21 0 1 5.552057 1.654576 5.552057 5.552057 5.552057 5.552057 58 
140 1 0 1 240.000000 57.855999 256.136017 14 0 1 5.756121 1.621550 5.801310 5.434108 5.434108 5.631108 6 
141 1 0 1 315.000000 20.166668 72.006668 22 0 2 5.147183 5.147183 5.147183 5.147183 5.147183 5.147183 6 66 
142 2 2 144 0.000000 276.329346 14.053332 4 11 8 4.407950 108.188011 -1.000000 -1.000000 0.000000 -1.000000 143 181 273 231 196 278 282 266 262 195 164 164 170 162 165 161 166 163 160 
143 2 5 2 0.000000 31.649334 276.329346 28 30 1 -1.000000 -1.000000 -1.000000 -1.000000 -1.000000 -1.000000 154 150 187 216 200 175 244 185 153 159 184 226 158 215 256 157 203 220 194 274 176 207 212 177 201 241 275 197 206 228 142 
144 2 5 1 0.000000 40.627998 252.966675 28 30 1 -1.000000 -1.000000 -1.000000 -1.000000 -1.000000 -1.000000 201 150 187 216 200 175 244 185 153 159 184 226 158 215 256 157 203 220 194 274 176 207 212 177 154 241 275 197 206 228 147 
145 2 5 72 0.000000 79.547997 269.100006 28 24 1 -1.000000 -1.000000 -1.000000 -1.000000 -1.000000 -1.000000 241 151 268 152 237 183 182 267 270 259 253 264 269 176 184 201 274 154 194 150 219 153 271 233 148 
146 2 5 1 0.000000 51.505333 250.460007 28 30 1 -1.000000 -1.000000 -1.000000 -1.000000 -1.000000 -1.000000 274 150 187 216 200 175 244 185 153 159 184 226 158 215 256 157 203 220 194 201 176 207 212 177 154 241 275 197 206 228 149 
147 2 2 144 0.000000 252.966675 14.053332 4 14 10 9.191236 104.265427 -1.000000 -1.000000 0.000000 -1.000000 144 227 257 235 251 186 217 173 277 255 190 223 170 234 162 170 234 162 164 165 161 166 163 160 
148 2 2 304 0.000000 269.100006 14.053332 4 9 8 13.485643 131.938080 -1.000000 -1.000000 0.000000 -1.000000 145 193 240 213 180 279 224 243 205 165 170 162 164 161 166 163 160 
149 2 2 144 0.000000 250.460007 14.053332 4 11 7 11.558278 107.235641 -1.000000 -1.000000 0.000000 -1.000000 146 169 232 171 214 191 198 172 167 192 204 170 164 165 161 166 163 160 
150 2 0 144 0.000000 14.760000 31.649334 6 0 5 -1.000000 -1.000000 -1.000000 -1.000000 -1.000000 -1.000000 143 144 146 234 145 
151 2 0 304 0.000000 37.237335 79.547997 6 0 1 -1.000000 -1.000000 -1.000000 -1.000000 -1.000000 -1.000000 145 
152 2 0 304 1500.000000 291.585327 79.547997 1 0 1 7.213466 2.119771 7.213466 7.213466 7.213466 7.213466 145 
153 2 0 144 0.000000 13.646667 31.649334 5 0 6 -1.000000 -1.000000 -1.000000 -1.000000 -1.000000 -1.000000 143 144 146 162 164 145 
154 2 2 144 0.000000 84.786667 14.053332 4 6 12 1.674173 53.879879 -1.000000 -1.000000 0.000000 -1.000000 161 181 156 239 272 276 166 161 164 143 162 144 170 146 145 165 163 160 
155 2 0 1 230.000000 10.328000 69.666672 14 0 1 3.045614 1.215476 4.252717 5.072282 5.072282 3.887703 201 
156 2 0 2 510.000000 17.641333 84.786667 15 0 1 1.214986 1.889680 0.957178 1.535828 1.535828 1.025292 154 
157 2 0 144 7168.000000 3156.326660 31.649334 2 0 3 32.563267 7168.000000 29.022455 29.022455 29.022455 29.022455 143 144 146 
158 2 0 144 0.000000 593.733337 31.649334 10 0 3 1050.000000 1.768471 -1.000000 -1.000000 -1.000000 -1.000000 143 144 146 
159 2 0 144 750.000000 134.526657 31.649334 1 0 4 6.017794 1.784982 6.017794 6.017794 6.017794 6.017794 143 144 146 234 
160 2 21 1 300.000000 259.839996 0.000000 13 27 0 6.971792 6.971792 6.971792 6.971792 6.971792 -1.000000 249 281 177 212 210 211 201 274 154 241 207 229 250 261 267 270 269 183 264 176 182 149 147 142 148 237 194 
161 2 5 2 0.000000 14.053332 84.786667 28 23 1 -1.000000 -1.000000 -1.000000 -1.000000 -1.000000 -1.000000 249 281 177 212 210 211 201 274 154 241 207 229 142 189 188 225 176 263 194 237 147 149 148 154 
162 2 5 4 0.000000 44.939999 186.528000 28 38 1 -1.000000 -1.000000 -1.000000 -1.000000 -1.000000 -1.000000 249 281 177 212 210 211 201 274 154 241 207 229 147 189 188 225 176 263 250 261 267 270 269 183 253 182 259 264 194 237 148 147 142 153 271 216 185 233 194 
163 2 5 1 0.000000 15.709333 69.666672 28 24 1 -1.000000 -1.000000 -1.000000 -1.000000 -1.000000 -1.000000 249 281 177 212 210 211 201 274 154 241 207 229 264 147 189 188 225 176 263 194 237 149 142 148 201 
164 2 5 2 0.000000 32.765331 190.656006 28 38 2 -1.000000 -1.000000 -1.000000 -1.000000 -1.000000 -1.000000 249 281 177 212 210 211 201 274 154 241 207 229 142 189 188 225 176 263 250 261 267 270 269 183 253 182 259 264 194 237 149 147 148 216 153 271 185 233 237 142 
165 2 5 40 0.000000 29.166666 61.000000 28 22 1 -1.000000 -1.000000 -1.000000 -1.000000 -1.000000 -1.000000 148 264 261 250 207 241 253 259 267 270 269 183 182 194 201 274 154 176 237 149 147 142 241 
166 2 5 1 0.000000 20.360001 61.466667 28 24 1 -1.000000 -1.000000 -1.000000 -1.000000 -1.000000 -1.000000 249 281 177 212 210 211 201 274 154 241 207 229 264 149 189 188 225 176 263 194 237 147 142 148 274 
167 2 0 1 720.000000 105.249329 250.460007 14 0 1 7.281775 1.722574 5.794909 5.794909 5.794909 6.253249 149 
168 2 0 1 700.000000 14.532001 69.666672 14 0 1 3.741654 1.529200 4.821567 5.104287 5.104287 3.501414 201 
169 2 0 1 360.000000 54.333332 250.460007 14 0 1 5.836636 1.614041 5.407290 5.407290 5.407290 6.513723 149 
170 2 5 1 300.000000 86.613327 252.966675 28 27 1 5.653034 5.653034 5.653034 5.653034 5.653034 -1.000000 249 281 177 212 210 211 201 274 154 241 207 229 250 261 267 270 269 183 264 176 182 149 147 142 148 237 194 147 
171 2 0 1 0.000000 27.770666 250.460007 26 0 1 -1.000000 -1.000000 -1.000000 -1.000000 -1.000000 -1.000000 149 
172 2 0 1 1300.000000 76.689331 250.460007 19 0 1 5.577484 1.661695 5.577484 5.577484 5.577484 5.577484 149 
173 2 0 1 1200.000000 74.857338 252.966675 19 0 1 5.563537 1.657790 5.563537 5.563537 5.563537 5.563537 147 
174 2 0 144 0.000000 57.906666 18.189335 0 0 1 -1.000000 -1.000000 -1.000000 -1.000000 -1.000000 -1.000000 252 
175 2 0 144 1700.000000 524.234680 31.649334 1 0 3 8.984602 2.615689 8.984602 8.984602 8.984602 8.984602 143 144 146 
176 2 0 144 0.000000 0.940000 14.053332 0 0 13 -1.000000 -1.000000 -1.000000 -1.000000 -1.000000 -1.000000 144 170 146 234 162 143 164 145 165 161 166 163 160 
177 2 0 144 0.000000 28.320002 14.053332 3 0 10 -1.000000 -1.000000 -1.000000 -1.000000 -1.000000 -1.000000 160 163 166 161 164 162 144 170 146 143 
178 2 0 40 700.000000 155.809341 61.000000 17 0 1 6.179817 1.830349 6.179817 6.179817 6.179817 6.179817 241 
179 2 0 40 0.000000 31.626667 61.000000 0 0 1 -1.000000 -1.000000 -1.000000 -1.000000 -1.000000 -1.000000 241 
180 2 0 40 1800.000000 355.269348 269.100006 20 0 1 7.698286 2.255520 7.698286 7.698286 7.698286 7.698286 148 
181 2 0 2 0.000000 5.425333 84.786667 23 0 3 -1.000000 -1.000000 -1.000000 -1.000000 -1.000000 -1.000000 142 237 154 
182 2 0 304 0.000000 2.640000 29.166666 0 0 6 -1.000000 -1.000000 -1.000000 -1.000000 -1.000000 -1.000000 170 162 164 145 165 160 
183 2 0 304 0.000000 2.140000 29.166666 12 0 6 0.016575 -1.000000 -1.000000 -1.000000 -1.000000 -1.000000 170 162 164 145 165 160 
184 2 0 144 0.000000 3.816000 31.649334 0 0 5 -1.000000 -1.000000 -1.000000 -1.000000 -1.000000 -1.000000 143 144 146 234 145 
185 2 0 144 32000.000000 273.894684 31.649334 8 0 5 7.078789 7.078789 7.078789 7.078789 7.078789 7.078789 143 144 146 162 164 
186 2 0 1 315.000000 21.344000 69.666672 22 0 2 5.156146 5.156146 5.156146 5.156146 5.156146 5.156146 147 201 
187 2 0 144 0.000000 1377.216064 31.649334 10 0 3 3150.000000 2.287223 -1.000000 -1.000000 -1.000000 -1.000000 143 144 146 
188 2 0 144 890.000000 92.659996 14.053332 1 0 6 7.322580 1.695739 5.699067 5.699067 5.699067 5.699067 234 162 164 161 166 163 
189 2 0 144 0.000000 63.000000 14.053332 10 0 6 250.000000 3.968254 -1.000000 -1.000000 -1.000000 -1.000000 234 162 164 161 166 163 
190 2 0 1 450.000000 145.253326 252.966675 14 0 1 6.099455 1.807847 6.099455 6.099455 6.099455 6.099455 147 
191 2 0 1 600.000000 500.413330 250.460007 14 0 1 9.310912 2.564911 8.803252 8.803252 8.803252 9.228636 149 
192 2 0 1 22000.000000 273.894684 250.460007 27 0 1 7.078789 7.078789 7.078789 7.078789 7.078789 7.078789 149 
193 2 0 40 0.000000 222.419998 269.100006 0 0 1 -1.000000 -1.000000 -1.000000 -1.000000 -1.000000 -1.000000 148 
194 2 2 144 0.000000 186.528000 14.053332 4 6 12 9.433305 97.975441 -1.000000 -1.000000 0.000000 -1.000000 162 236 248 246 221 265 143 144 146 170 162 164 145 165 161 166 163 160 
195 2 0 2 0.000000 38.294666 190.656006 0 0 2 -1.000000 -1.000000 -1.000000 -1.000000 -1.000000 -1.000000 142 237 
196 2 0 2 1280.000000 49.099998 276.329346 15 0 1 1.602886 1.602886 1.602886 1.602886 1.602886 1.602886 142 
197 2 0 144 1500.000000 485.420013 31.649334 1 0 4 8.689110 2.532951 8.689110 8.689110 8.689110 8.689110 144 146 234 143 
198 2 0 1 0.000000 10.212000 250.460007 0 0 1 -1.000000 -1.000000 -1.000000 -1.000000 -1.000000 -1.000000 149 
199 2 0 1 220.000000 13.918666 61.466667 14 0 1 2.661853 1.527893 5.099617 5.099617 5.099617 3.366243 274 
200 2 0 144 4032.000000 660.760010 31.649334 2 0 3 7.607600 4032.000000 10.023956 10.023956 10.023956 10.023956 143 144 146 
201 2 2 144 0.000000 69.666672 14.053332 4 7 13 5.700191 51.135078 -1.000000 -1.000000 0.000000 -1.000000 163 155 254 258 168 186 260 160 163 166 161 164 162 144 170 146 234 143 145 165 
202 2 0 1 1000.000000 3284.733154 671.465332 14 0 1 30.000000 8.500000 30.000000 30.000000 30.000000 30.000000 203 
203 2 2 144 0.000000 671.465332 31.649334 4 1 3 26.787840 123.163475 -1.000000 -1.000000 0.000000 -1.000000 202 143 144 146 
204 2 0 1 360.000000 79.290665 250.460007 14 0 1 10.261790 1.002838 5.597288 5.597288 5.597288 6.016103 149 
205 2 0 72 1000.000000 226.086670 269.100006 18 0 1 6.714831 1.980153 6.714831 6.714831 6.714831 6.714831 148 
206 2 0 144 0.000000 175.637329 31.649334 10 0 3 380.000000 2.163549 -1.000000 -1.000000 -1.000000 -1.000000 144 146 143 
207 2 0 144 550.000000 27.869333 14.053332 1 0 12 8.171926 1.557630 5.761721 5.205822 5.205822 5.205822 164 162 144 170 146 234 143 165 161 166 163 160 
208 2 0 144 0.000000 3.827200 18.189335 0 0 1 -1.000000 -1.000000 -1.000000 -1.000000 -1.000000 -1.000000 252 
209 2 0 144 0.000000 11.114267 18.189335 0 0 1 -1.000000 -1.000000 -1.000000 -1.000000 -1.000000 -1.000000 252 
210 2 0 144 0.000000 5.785333 14.053332 11 0 7 0.001000 -1.000000 -1.000000 -1.000000 -1.000000 -1.000000 160 163 166 161 164 162 170 
211 2 0 144 0.000000 1.033333 14.053332 12 0 7 0.016393 -1.000000 -1.000000 -1.000000 -1.000000 -1.000000 160 163 166 161 164 162 170 
212 2 0 144 0.000000 32.733334 14.053332 3 0 10 -1.000000 -1.000000 -1.000000 -1.000000 -1.000000 -1.000000 160 163 166 161 164 162 144 170 146 143 
213 2 0 40 1450.000000 197.356003 269.100006 20 0 1 6.496107 1.918910 6.496107 6.496107 6.496107 6.496107 148 
214 2 0 1 1240.000000 217.173340 250.460007 19 0 1 6.646975 1.961153 6.646975 6.646975 6.646975 6.646975 149 
215 2 0 144 0.000000 14.670667 31.649334 12 0 3 0.016644 -1.000000 -1.000000 -1.000000 -1.000000 -1.000000 143 144 146 
216 2 0 144 0.000000 78.581337 31.649334 11 0 6 0.006000 -1.000000 -1.000000 -1.000000 -1.000000 -1.000000 143 144 146 234 162 164 
217 2 0 1 875.000000 59.220001 252.966675 14 0 1 7.526944 1.624458 5.099528 5.444492 5.444492 4.834254 147 
218 2 0 144 0.000000 1.405333 18.189335 0 0 1 -1.000000 -1.000000 -1.000000 -1.000000 -1.000000 -1.000000 252 
219 2 0 304 750.000000 134.526657 79.547997 1 0 1 6.017794 1.784982 6.017794 6.017794 6.017794 6.017794 145 
220 2 0 144 5120.000000 686.776001 31.649334 2 0 3 9.008712 5120.000488 10.222013 10.222013 10.222013 10.320112 143 144 146 
221 2 0 4 1300.000000 72.538666 186.528000 21 0 1 5.545886 1.652848 5.545886 5.545886 5.545886 5.545886 194 
222 2 0 144 0.000000 2.070667 18.189335 0 0 1 -1.000000 -1.000000 -1.000000 -1.000000 -1.000000 -1.000000 252 
223 2 0 1 0.000000 33.535999 252.966675 0 0 1 -1.000000 -1.000000 -1.000000 -1.000000 -1.000000 -1.000000 147 
224 2 0 40 0.000000 93.925331 269.100006 26 0 1 -1.000000 -1.000000 -1.000000 -1.000000 -1.000000 -1.000000 148 
225 2 0 144 700.000000 8.673334 14.053332 1 0 5 3.054142 1.874277 5.666169 5.059685 5.059685 5.313522 162 164 161 166 163 
226 2 0 144 1900.000000 283.265320 31.649334 1 0 3 7.477096 2.102035 7.150126 7.150126 7.150126 7.194570 143 144 146 
227 2 0 1 300.000000 38.610664 252.966675 14 0 1 4.288725 1.580527 5.287595 5.287595 5.287595 6.496997 147 
228 2 0 144 0.000000 54.429333 31.649334 7 0 3 -1.000000 -1.000000 -1.000000 -1.000000 -1.000000 -1.000000 144 146 143 
229 2 0 144 0.000000 6.066667 14.053332 6 0 7 -1.000000 -1.000000 -1.000000 -1.000000 -1.000000 -1.000000 164 162 170 161 166 163 160 
230 2 0 1 385.000000 19.760000 61.466667 14 0 1 4.821306 1.540344 5.144087 5.144087 5.144087 5.067879 274 
231 2 0 2 450.000000 49.099998 276.329346 15 0 1 1.602886 1.602886 1.602886 1.602886 1.602886 1.602886 142 
232 2 0 1 440.000000 133.779999 250.460007 14 0 1 7.748589 1.783391 5.766906 6.012110 6.012110 7.505811 149 
233 2 0 304 32000.000000 272.126648 32.765331 8 0 3 7.065329 7.065329 7.065329 7.065329 7.065329 7.065329 162 164 145 
234 2 13 1 0.000000 139.904007 252.966675 28 12 1 -1.000000 -1.000000 -1.000000 -1.000000 -1.000000 -1.000000 150 207 216 189 176 184 159 188 275 197 201 147 147 
235 2 0 1 0.000000 13.794665 252.966675 26 0 1 -1.000000 -1.000000 -1.000000 -1.000000 -1.000000 -1.000000 147 
236 2 0 4 345.000000 36.077335 186.528000 24 0 1 5.268309 5.268309 5.268309 5.268309 5.268309 5.268309 194 
237 2 2 304 0.000000 190.656006 14.053332 4 8 9 4.270956 115.220413 -1.000000 -1.000000 0.000000 -1.000000 164 181 273 266 262 276 195 272 145 170 162 164 165 161 166 163 160 
238 2 0 40 690.000000 20.645334 61.000000 25 0 1 5.150827 5.150827 5.150827 5.150827 5.150827 5.150827 241 
239 2 0 2 1200.000000 20.688000 84.786667 15 0 1 1.264925 1.542322 1.542322 1.542322 1.542322 0.987918 154 
240 2 0 72 900.000000 131.786667 269.100006 18 0 1 5.996934 1.779142 5.996934 5.996934 5.996934 5.996934 148 
241 2 2 304 0.000000 61.000000 14.053332 4 5 12 7.315074 43.405010 -1.000000 -1.000000 0.000000 -1.000000 165 238 178 179 247 161 145 164 162 144 170 146 143 165 166 163 160 
242 2 0 144 0.000000 19.600000 18.189335 0 0 1 -1.000000 -1.000000 -1.000000 -1.000000 -1.000000 -1.000000 252 
243 2 0 40 880.000000 240.694672 269.100006 17 0 1 6.826040 2.011291 6.826040 6.826040 6.826040 6.826040 148 
244 2 0 144 32000.000000 617.547974 31.649334 8 0 3 9.694986 9.694986 9.694986 9.694986 9.694986 9.694986 143 144 146 
245 2 0 1 700.000000 16.741333 61.466667 14 0 1 2.600471 2.388822 5.121106 5.121106 5.121106 3.765064 274 
246 2 0 4 660.000000 27.112000 186.528000 16 0 1 4.592262 1.906026 5.200057 5.200057 5.200057 4.578614 194 
247 2 0 72 850.000000 67.302666 61.000000 18 0 1 5.506024 1.641687 5.506024 5.506024 5.506024 5.506024 241 
248 2 0 4 390.000000 96.825333 186.528000 16 0 1 5.730777 1.704618 5.730777 5.730777 5.730777 5.730777 194 
249 2 0 144 0.000000 14.100000 14.053332 10 0 7 20.000000 1.418440 -1.000000 -1.000000 -1.000000 -1.000000 160 163 166 161 164 162 170 
250 2 0 304 0.000000 8.596000 29.166666 6 0 5 -1.000000 -1.000000 -1.000000 -1.000000 -1.000000 -1.000000 170 162 164 165 160 
251 2 0 1 0.000000 20.158667 252.966675 26 0 1 -1.000000 -1.000000 -1.000000 -1.000000 -1.000000 -1.000000 147 
252 2 4 1 0.000000 18.189335 61.466667 28 6 1 -1.000000 -1.000000 -1.000000 -1.000000 -1.000000 -1.000000 222 218 208 209 174 242 274 
253 2 0 304 700.000000 12.908000 29.166666 1 0 4 5.091923 1.525738 5.091923 5.091923 5.091923 5.091923 162 164 145 165 
254 2 0 1 400.000000 18.338667 69.666672 14 0 1 4.686852 1.537315 5.133266 5.133266 5.133266 2.870369 201 
255 2 0 1 780.000000 254.052002 252.966675 14 0 1 7.526804 2.039764 6.927728 6.927728 6.927728 6.927728 147 
256 2 0 144 0.000000 91.897331 31.649334 0 0 3 -1.000000 -1.000000 -1.000000 -1.000000 -1.000000 -1.000000 143 144 146 
257 2 0 1 400.000000 75.166672 252.966675 14 0 1 5.539362 2.099748 5.565892 5.565892 5.565892 5.196240 147 
258 2 0 1 444.000000 21.911999 69.666672 14 0 1 5.328205 1.544932 5.160470 5.160470 5.160470 5.255864 201 
259 2 0 304 1200.000000 154.998672 29.166666 1 0 4 6.173645 1.828621 6.173645 6.173645 6.173645 6.173645 162 164 145 165 
260 2 0 1 0.000000 8.468000 69.666672 0 0 1 -1.000000 -1.000000 -1.000000 -1.000000 -1.000000 -1.000000 201 
261 2 0 304 0.000000 9.102667 29.166666 10 0 5 0.000000 0.000000 -1.000000 -1.000000 -1.000000 -1.000000 170 162 164 165 160 
262 2 0 2 400.000000 45.183998 190.656006 15 0 2 1.594538 1.594538 1.594538 1.594538 1.594538 1.594538 142 237 
263 2 0 144 1330.000000 162.041336 14.053332 1 0 5 6.742730 1.843633 6.379191 6.227261 6.227261 6.227261 162 164 161 166 163 
264 2 0 304 900.000000 68.118668 15.709333 1 0 8 5.512237 1.643426 5.512237 5.512237 5.512237 5.512237 170 162 164 145 165 166 163 160 
265 2 0 4 0.000000 25.052000 186.528000 24 0 1 -1.000000 -1.000000 -1.000000 -1.000000 -1.000000 -1.000000 194 
266 2 0 2 450.000000 50.589333 190.656006 15 0 2 1.606061 1.606061 1.606061 1.606061 1.606061 1.606061 142 237 
267 2 0 336 0.000000 31.386667 29.166666 3 0 6 -1.000000 -1.000000 -1.000000 -1.000000 -1.000000 -1.000000 170 162 164 145 165 160 
268 2 0 336 0.000000 797.465332 79.547997 10 0 1 1900.000000 2.382549 -1.000000 -1.000000 -1.000000 -1.000000 145 
269 2 0 336 0.000000 15.458667 29.166666 11 0 6 0.001150 -1.000000 -1.000000 -1.000000 -1.000000 -1.000000 170 162 164 145 165 160 
270 2 0 336 0.000000 37.030666 29.166666 3 0 6 -1.000000 -1.000000 -1.000000 -1.000000 -1.000000 -1.000000 170 162 164 145 165 160 
271 2 0 336 0.000000 96.238663 32.765331 11 0 3 0.005900 -1.000000 -1.000000 -1.000000 -1.000000 -1.000000 162 164 145 
272 2 0 2 0.000000 15.093333 84.786667 0 0 2 -1.000000 -1.000000 -1.000000 -1.000000 -1.000000 -1.000000 237 154 
273 2 0 2 510.000000 34.997334 190.656006 15 0 2 1.572824 1.572824 1.572824 1.572824 1.572824 1.572824 142 237 
274 2 2 144 0.000000 61.466667 14.053332 4 6 12 5.509875 49.795380 -1.000000 -1.000000 0.000000 -1.000000 166 280 199 230 245 252 163 166 161 164 162 144 170 146 143 145 165 160 
275 2 0 144 1350.000000 242.691986 31.649334 1 0 4 6.841246 2.015549 6.841246 6.841246 6.841246 6.841246 144 146 234 143 
276 2 0 2 400.000000 21.498667 84.786667 15 0 2 2.168247 1.544050 1.544050 1.544050 1.544050 2.337541 237 154 
277 2 0 1 0.000000 11.010667 252.966675 0 0 1 -1.000000 -1.000000 -1.000000 -1.000000 -1.000000 -1.000000 147 
278 2 0 2 0.000000 44.232002 276.329346 23 0 1 -1.000000 -1.000000 -1.000000 -1.000000 -1.000000 -1.000000 142 
279 2 0 40 2900.000000 999.758667 269.100006 20 0 1 12.604719 3.629321 12.604719 12.604719 12.604719 12.604719 148 
280 2 0 1 160.000000 13.700000 61.466667 22 0 1 5.097953 5.097953 5.097953 5.097953 5.097953 5.097953 274 
281 2 0 144 0.000000 6.197333 14.053332 0 0 7 -1.000000 -1.000000 -1.000000 -1.000000 -1.000000 -1.000000 160 163 166 161 164 162 170 
282 2 0 2 666.000000 70.090668 276.329346 15 0 1 1.647630 1.647630 1.647630 1.647630 1.647630 1.647630 142 
0 
-1.000000 -1.000000 -1.000000 -1.000000 -1.000000 -1.000000 -1.000000 -1.000000 -1.000000 

12 11 15 17 36 46 55 68 82 109 110 119 128 
703.333374 9.024000 171.458328 273.437500 7.199219 82.338867 1950.000000 550.000000 1085.000000 

3 21 121 136 
2954.063965 601.640015 1422.933228 1515.589844 265.335938 857.794250 7860.000000 3800.000000 5593.333496 

4 39 76 130 133 
37.673332 27.240000 32.114998 61.488281 11.425781 34.293945 -1.000000 -1.000000 -1.000000 

10 1 6 7 8 13 58 66 107 111 135 
278.361328 62.533333 172.563065 75.187500 23.632813 48.232033 -1.000000 -1.000000 -1.000000 

1 12 
13.437334 13.437334 13.437334 21.441406 21.441406 21.441406 -1.000000 -1.000000 -1.000000 

3 9 98 116 
14.940000 5.900000 9.817333 18.750000 3.562500 8.917969 2880.000000 0.000000 1493.333374 

1 97 
52.230663 52.230663 52.230663 102.203125 102.203125 102.203125 840.000000 840.000000 840.000000 

3 96 101 102 
644.024048 261.033356 396.480927 697.082031 365.582031 478.802094 -1.000000 -1.000000 -1.000000 

0 
-1.000000 -1.000000 -1.000000 -1.000000 -1.000000 -1.000000 -1.000000 -1.000000 -1.000000 

6 24 53 54 115 126 131 
1402.693359 9.224000 478.355804 879.074219 8.546875 312.204437 3000.000000 0.000000 1020.000000 

4 74 81 132 134 
97.430664 5.694667 50.022667 163.820313 7.031250 81.702148 0.006000 0.001000 0.003513 

3 50 75 80 
12.566667 1.016000 5.218667 45.546875 10.175781 22.425781 -1.000000 -1.000000 -1.000000 

1 26 
262.544006 262.544006 262.544006 140.906250 140.906250 140.906250 -1.000000 -1.000000 -1.000000 

17 23 45 47 56 64 72 85 87 90 91 103 104 117 120 129 137 140 
189.134674 9.529333 56.487762 98.800781 5.671875 28.826286 1000.000000 180.000000 499.294128 

9 14 22 52 57 67 84 92 125 127 
65.362663 17.511999 39.362076 75.300781 28.695313 55.187935 1200.000000 380.000000 640.666687 

3 16 89 123 
93.503998 27.850666 54.896885 49.765625 14.636719 29.256510 700.000000 400.000000 583.333313 

2 18 34 
246.743988 157.665329 202.204651 100.593750 52.308594 76.451172 850.000000 700.000000 775.000000 

2 70 93 
127.816002 64.065331 95.940666 138.804688 38.648438 88.726563 950.000000 860.000000 905.000000 

4 69 73 100 112 
221.199997 74.792000 131.535324 117.281250 50.343750 75.849609 -1.000000 -1.000000 -1.000000 

3 27 77 99 
969.338684 192.007996 501.947113 375.566406 91.703125 202.082031 -1.000000 -1.000000 -1.000000 

1 139 
73.349335 73.349335 73.349335 70.050781 70.050781 70.050781 -1.000000 -1.000000 -1.000000 

3 48 63 141 
36.689335 13.356000 23.404001 41.183594 13.261719 26.960938 -1.000000 -1.000000 -1.000000 

2 38 86 
43.749336 5.994666 24.872002 40.058594 8.078125 24.068359 -1.000000 -1.000000 -1.000000 

1 114 
33.234669 33.234669 33.234669 19.851563 19.851563 19.851563 -1.000000 -1.000000 -1.000000 

1 113 
18.998667 18.998667 18.998667 8.054688 8.054688 8.054688 -1.000000 -1.000000 -1.000000 

5 40 41 44 61 62 
92.695999 13.397333 48.560539 58.957031 30.863281 45.702343 -1.000000 -1.000000 -1.000000 

1 105 
261.033356 261.033356 261.033356 373.742188 373.742188 373.742188 -1.000000 -1.000000 -1.000000 

14 2 3 4 5 26 28 29 30 31 32 33 35 42 94 
262.544006 13.380000 62.521526 140.906250 11.867188 50.881138 640.000000 50.000000 203.571426 

30.000000 90.000000 20.333334 54.758823 

150.000000 480.000000 110.333336 259.533325 

60.000000 87.000000 9.333333 75.000000 

81.000000 87.000000 2.333333 84.000000 

47.250000 78.750000 10.833333 63.000000 

0.000000 0.000000 0.333333 0.000000 

0 
-1.000000 -1.000000 -1.000000 -1.000000 -1.000000 -1.000000 -1.000000 -1.000000 -1.000000 

14 152 159 175 188 197 207 219 225 226 253 259 263 264 275 
524.234680 8.673334 187.394287 224.867188 6.832031 89.556358 1900.000000 550.000000 1122.857178 

3 157 200 220 
3156.326660 660.760010 1501.287598 1455.347656 285.234375 836.423157 7168.000000 4032.000000 5440.000000 

4 177 212 267 270 
37.030666 28.320002 32.367668 56.570313 11.425781 33.233398 -1.000000 -1.000000 -1.000000 

11 142 147 148 149 154 194 201 203 237 241 274 
671.465332 61.000000 215.856827 163.816406 23.437500 59.533382 -1.000000 -1.000000 -1.000000 

1 153 
13.646667 13.646667 13.646667 21.082031 21.082031 21.082031 -1.000000 -1.000000 -1.000000 

4 150 151 229 250 
37.237335 6.066667 16.665001 23.812500 3.515625 12.786133 2880.000000 0.000000 1120.000000 

1 228 
54.429333 54.429333 54.429333 110.320313 110.320313 110.320313 882.000000 882.000000 882.000000 

3 185 233 244 
617.547974 272.126648 387.856445 707.980469 360.070313 481.602875 -1.000000 -1.000000 -1.000000 

0 
-1.000000 -1.000000 -1.000000 -1.000000 -1.000000 -1.000000 -1.000000 -1.000000 -1.000000 

7 158 187 189 206 249 261 268 
1377.216064 9.102667 432.893585 883.886719 8.179688 289.217621 3150.000000 0.000000 964.285706 

4 210 216 269 271 
96.238663 5.785333 49.015999 176.269531 7.320313 82.115234 0.006000 0.001000 0.003513 

3 183 211 215 
14.670667 1.033333 5.948000 53.714844 10.476563 24.889322 -1.000000 -1.000000 -1.000000 

1 160 
259.839996 259.839996 259.839996 157.863281 157.863281 157.863281 -1.000000 -1.000000 -1.000000 

18 155 167 168 169 190 191 199 202 204 217 227 230 232 245 254 255 257 258 
3284.733154 10.328000 269.201843 1805.273438 5.949219 135.717453 1000.000000 220.000000 520.222229 

9 156 196 231 239 262 266 273 276 282 
70.090668 17.641333 39.876591 82.031250 28.738281 58.690536 1280.000000 400.000000 651.777771 

2 246 248 
96.825333 27.112000 61.968666 58.207031 14.636719 36.421875 660.000000 390.000000 525.000000 

2 178 243 
240.694672 155.809341 198.252014 108.828125 52.218750 80.523438 880.000000 700.000000 790.000000 

3 205 240 247 
226.086670 67.302666 141.725342 162.371094 38.003906 112.427086 1000.000000 850.000000 916.666687 

3 172 173 214 
217.173340 74.857338 122.906670 106.007813 40.554688 68.385414 -1.000000 -1.000000 -1.000000 

3 180 213 279 
999.758667 197.356003 517.461365 357.187500 90.582031 193.657547 -1.000000 -1.000000 -1.000000 

1 221 
72.538666 72.538666 72.538666 74.703125 74.703125 74.703125 -1.000000 -1.000000 -1.000000 

2 186 280 
21.344000 13.700000 17.521999 25.554688 13.847656 19.701172 -1.000000 -1.000000 -1.000000 

2 181 278 
44.232002 5.425333 24.828669 41.449219 6.738281 24.093750 -1.000000 -1.000000 -1.000000 

2 236 265 
36.077335 25.052000 30.564667 25.503906 20.785156 23.144531 -1.000000 -1.000000 -1.000000 

1 238 
20.645334 20.645334 20.645334 7.332031 7.332031 7.332031 -1.000000 -1.000000 -1.000000 

4 171 224 235 251 
93.925331 13.794665 38.912331 61.742188 30.855469 49.171875 -1.000000 -1.000000 -1.000000 

1 192 
273.894684 273.894684 273.894684 376.757813 376.757813 376.757813 -1.000000 -1.000000 -1.000000 

14 143 144 145 146 160 161 162 163 164 165 166 170 234 252 
259.839996 14.053332 61.776573 157.863281 13.593750 55.313057 540.000000 50.000000 196.428574 

24.000000 60.000000 12.333333 45.116665 

138.000000 360.000000 74.333336 246.183319 

75.000000 87.000000 4.333333 81.000000 

78.000000 87.900002 3.633334 82.949997 

45.750000 81.599998 12.283333 57.825001 

0.000000 0.000000 0.333333 0.000000 

