MOD_LEARN_0_80 
0.000000 20.000000 0.000000 0.000000 0.000000 
99.079147 20.000000 0.920852 0.000000 0.000000 
0.000000 20.000000 0.000000 0.000000 0.000000 
65.384613 20.000000 11.538462 15.384615 10.000000 
0.000000 20.000000 33.333332 44.444443 22.222221 
0.000000 20.000000 0.000000 0.000000 0.000000 
96.477486 20.000000 3.522511 0.000000 0.000000 
0.000000 20.000000 0.000000 0.000000 0.000000 
66.666664 20.000000 10.000000 14.814815 11.111111 
0.000000 20.000000 22.222221 44.444443 33.333332 
0.000000 0.532626 0.302226 0.154770 
0.000000 0.000000 0.020867 0.008863 
0.000000 0.000000 0.007878 0.013712 
0.000000 0.000000 0.000000 0.000000 
0.000000 0.000000 0.000000 0.000000 
0.000000 0.000000 0.000000 0.000000 
1 1 1919247470 144 0.000000 278.361328 13.380000 4 9 8 4.391057 105.716400 -1.000000 -1.000000 0.000000 -1.000000 2 22 90 67 57 14 38 103 31 31 35 29 32 28 33 30 26 
2 1 2064189965 2 0.000000 30.064001 229.494675 28 26 2 -1.000000 -1.000000 -1.000000 -1.000000 -1.000000 -1.000000 13 9 53 81 21 99 17 94 12 46 51 55 24 80 120 131 117 130 66 37 68 76 39 58 108 95 1 104 
3 1 1651401063 1 0.000000 37.711998 256.136017 28 26 1 -1.000000 -1.000000 -1.000000 -1.000000 -1.000000 -1.000000 66 9 53 81 21 99 17 94 12 46 51 55 24 80 120 131 117 130 13 37 68 76 39 58 108 95 6 
4 1 1651401063 72 0.000000 79.590668 255.602661 28 22 1 -1.000000 -1.000000 -1.000000 -1.000000 -1.000000 -1.000000 108 10 127 11 104 50 49 126 129 115 107 124 128 37 51 66 130 13 58 9 82 95 7 
5 1 1684826485 1 0.000000 53.784004 253.600006 28 26 1 -1.000000 -1.000000 -1.000000 -1.000000 -1.000000 -1.000000 130 9 53 81 21 99 17 94 12 46 51 55 24 80 120 131 117 66 13 37 68 76 39 58 108 95 8 
6 1 1684826487 144 0.000000 256.136017 13.380000 4 16 9 8.518276 127.296516 -1.000000 -1.000000 0.000000 -1.000000 3 135 45 61 40 136 72 132 71 48 87 109 60 35 42 98 29 35 42 31 32 28 33 30 26 
7 1 1851878514 304 0.000000 255.602661 13.380000 4 9 8 14.128534 91.863098 -1.000000 -1.000000 0.000000 -1.000000 4 25 91 97 27 77 41 18 44 32 35 29 31 28 33 30 26 
8 1 1651401059 144 0.000000 253.600006 13.380000 4 13 8 11.050613 102.125771 -1.000000 -1.000000 0.000000 -1.000000 5 125 23 62 69 114 105 73 88 89 102 84 79 35 29 31 32 28 33 30 26 
9 1 1600415075 144 0.000000 14.940000 30.064001 6 0 5 -1.000000 -1.000000 -1.000000 -1.000000 -1.000000 -1.000000 2 3 5 42 4 
10 1 4720640 304 0.000000 19.591999 79.590668 0 0 1 -1.000000 -1.000000 -1.000000 -1.000000 -1.000000 -1.000000 4 
11 1 0 304 900.000000 182.789337 79.590668 1 0 1 6.048441 1.793564 6.048441 6.048441 6.048441 6.048441 4 
12 1 0 144 0.000000 13.437334 30.064001 5 0 3 -1.000000 -1.000000 -1.000000 -1.000000 -1.000000 -1.000000 2 3 5 
13 1 2 144 0.000000 86.826668 13.380000 4 6 12 1.674384 52.706936 -1.000000 -1.000000 0.000000 -1.000000 28 85 52 121 19 123 33 28 31 2 29 3 35 5 4 32 30 26 
14 1 0 2 450.000000 51.323997 229.494675 15 0 2 1.353625 1.581460 1.581460 1.581460 1.581460 1.581460 1 104 
15 1 0 144 1330.000000 155.899994 13.380000 1 0 5 5.893503 1.750181 5.893503 5.893503 5.893503 5.893503 29 31 28 33 30 
16 1 0 4 400.000000 41.008003 187.735992 16 0 1 4.782769 1.564817 5.231489 5.231489 5.231489 5.733122 58 
17 1 0 144 1995.000000 703.333374 30.064001 1 0 3 9.771049 2.633397 9.047848 9.047848 9.047848 9.047848 2 3 5 
18 1 0 40 850.000000 158.543991 255.602661 17 0 1 5.908738 1.754447 5.908738 5.908738 5.908738 5.908738 7 
19 1 0 2 0.000000 14.005333 86.826668 0 0 2 -1.000000 -1.000000 -1.000000 -1.000000 -1.000000 -1.000000 104 13 
20 1 0 4 0.000000 25.728001 187.735992 0 0 1 -1.000000 -1.000000 -1.000000 -1.000000 -1.000000 -1.000000 58 
21 1 0 144 3800.000000 601.640015 30.064001 2 0 3 7.016400 3800.000000 8.461884 8.461884 8.461884 8.461884 2 3 5 
22 1 0 2 450.000000 52.500000 229.494675 15 0 2 1.463432 1.583358 1.583358 1.583358 1.583358 1.583358 1 104 
23 1 0 1 420.000000 141.977325 253.600006 14 0 1 11.757158 1.727718 6.230907 5.813280 5.813280 7.908209 8 
24 1 0 144 0.000000 598.077332 30.064001 10 0 3 1000.000000 1.672025 -1.000000 -1.000000 -1.000000 -1.000000 2 3 5 
25 1 0 40 0.000000 152.209335 255.602661 0 0 1 -1.000000 -1.000000 -1.000000 -1.000000 -1.000000 -1.000000 7 
26 1 21 1 240.000000 262.544006 0.000000 13 27 0 6.507992 6.507992 6.507992 6.507992 6.507992 -1.000000 112 133 39 76 74 75 66 130 13 108 68 96 113 122 126 129 128 50 124 37 58 49 8 6 1 7 104 
27 1 0 40 880.000000 244.502655 255.602661 17 0 1 6.404037 1.893130 6.404037 6.404037 6.404037 6.404037 7 
28 1 5 2 0.000000 13.380000 86.826668 28 23 1 -1.000000 -1.000000 -1.000000 -1.000000 -1.000000 -1.000000 112 133 39 76 74 75 66 130 13 108 68 96 1 54 106 36 37 15 58 104 8 6 7 13 
29 1 5 4 0.000000 45.426666 187.735992 28 33 1 -1.000000 -1.000000 -1.000000 -1.000000 -1.000000 -1.000000 112 133 39 76 74 75 66 130 13 108 68 96 6 54 106 36 37 15 113 122 126 129 128 50 107 49 115 124 58 104 8 1 7 58 
30 1 5 1 0.000000 14.570666 72.006668 28 23 1 -1.000000 -1.000000 -1.000000 -1.000000 -1.000000 -1.000000 112 133 39 76 74 75 66 130 13 108 68 96 6 54 106 36 37 15 58 104 8 1 7 66 
31 1 5 2 0.000000 30.157333 229.494675 28 33 2 -1.000000 -1.000000 -1.000000 -1.000000 -1.000000 -1.000000 112 133 39 76 74 75 66 130 13 108 68 96 1 54 106 36 37 15 113 122 126 129 128 50 107 49 115 124 58 104 7 8 6 104 1 
32 1 5 40 0.000000 28.340000 62.533333 28 22 1 -1.000000 -1.000000 -1.000000 -1.000000 -1.000000 -1.000000 7 124 122 113 68 108 107 126 50 129 115 128 49 66 130 58 13 37 104 8 6 1 108 
33 1 5 1 0.000000 21.206667 63.333332 28 23 1 -1.000000 -1.000000 -1.000000 -1.000000 -1.000000 -1.000000 112 133 39 76 74 75 66 130 13 108 68 96 8 54 106 36 37 15 58 104 6 1 7 130 
34 1 0 40 660.000000 127.765335 62.533333 17 0 1 5.731390 1.704789 5.731390 5.731390 5.731390 5.731390 108 
35 1 5 1 240.000000 87.514664 256.136017 28 27 1 5.499463 5.499463 5.499463 5.499463 5.499463 -1.000000 112 133 39 76 74 75 66 130 13 108 68 96 113 122 126 129 128 50 124 37 58 49 8 6 1 7 104 6 
36 1 0 144 700.000000 9.024000 13.380000 1 0 5 3.510745 1.408360 5.295232 5.047195 5.047195 5.982641 29 31 28 33 30 
37 1 0 144 0.000000 0.833333 13.380000 0 0 13 -1.000000 -1.000000 -1.000000 -1.000000 -1.000000 -1.000000 2 3 35 5 42 29 31 4 32 28 33 30 26 
38 1 0 2 0.000000 43.749336 229.494675 23 0 2 -1.000000 -1.000000 -1.000000 -1.000000 -1.000000 -1.000000 1 104 
39 1 0 144 0.000000 27.240000 13.380000 3 0 10 -1.000000 -1.000000 -1.000000 -1.000000 -1.000000 -1.000000 26 30 33 28 31 2 29 3 35 5 
40 1 0 1 0.000000 20.377333 256.136017 26 0 1 -1.000000 -1.000000 -1.000000 -1.000000 -1.000000 2.236068 6 
41 1 0 40 0.000000 35.284000 255.602661 26 0 1 -1.000000 -1.000000 -1.000000 -1.000000 -1.000000 -1.000000 7 
42 1 13 1 0.000000 154.335999 256.136017 28 10 1 -1.000000 -1.000000 -1.000000 -1.000000 -1.000000 -1.000000 9 68 81 37 51 54 46 106 66 6 6 
43 1 0 144 0.000000 2.136000 18.674667 0 0 1 -1.000000 -1.000000 -1.000000 -1.000000 -1.000000 -1.000000 92 
44 1 0 40 0.000000 33.362667 255.602661 26 0 1 -1.000000 -1.000000 -1.000000 -1.000000 -1.000000 -1.000000 7 
45 1 0 1 770.000000 44.541332 256.136017 14 0 1 4.956011 1.570517 5.251848 5.251848 5.251848 5.013601 6 
46 1 0 144 700.000000 130.133331 30.064001 1 0 4 5.745034 1.708610 5.745034 5.745034 5.745034 5.745034 2 3 5 42 
47 1 0 1 180.000000 14.092000 63.333332 14 0 1 1.345622 1.521391 4.079224 5.076397 5.076397 3.591230 130 
48 1 0 1 350.000000 36.689335 256.136017 22 0 1 5.206604 5.206604 5.206604 5.206604 5.206604 5.206604 6 
49 1 0 304 0.000000 2.800000 28.340000 0 0 6 -1.000000 -1.000000 -1.000000 -1.000000 -1.000000 -1.000000 35 29 31 4 32 26 
50 1 0 304 0.000000 2.073333 28.340000 12 0 6 0.016575 -1.000000 -1.000000 -1.000000 -1.000000 -1.000000 35 29 31 4 32 26 
51 1 0 144 0.000000 3.600000 30.064001 0 0 5 -1.000000 -1.000000 -1.000000 -1.000000 -1.000000 -1.000000 2 3 5 42 4 
52 1 0 2 510.000000 17.511999 86.826668 15 0 2 0.599216 2.212924 1.199277 1.526909 1.526909 0.817034 104 13 
53 1 0 144 0.000000 1402.693359 30.064001 10 0 3 3000.000000 2.138743 -1.000000 -1.000000 -1.000000 -1.000000 2 3 5 
54 1 0 144 0.000000 64.757339 13.380000 10 0 6 250.000000 3.860566 -1.000000 -1.000000 -1.000000 -1.000000 42 29 31 28 33 30 
55 1 0 144 1950.000000 292.634674 30.064001 1 0 3 7.589274 1.970785 6.681376 6.681376 6.681376 6.681376 2 3 5 
56 1 0 1 360.000000 20.878666 72.006668 14 0 1 5.895433 1.532341 4.689083 5.115502 5.115502 3.458336 66 
57 1 0 2 510.000000 34.590668 229.494675 15 0 2 0.831467 1.554463 1.554463 1.554463 1.554463 1.554463 1 104 
58 1 2 144 0.000000 187.735992 13.380000 4 6 12 9.096486 98.751869 -1.000000 -1.000000 0.000000 -1.000000 29 111 16 119 134 20 2 3 35 5 29 31 4 32 28 33 30 26 
59 1 0 40 0.000000 32.661335 62.533333 0 0 1 -1.000000 -1.000000 -1.000000 -1.000000 -1.000000 -1.000000 108 
60 1 0 1 0.000000 25.091999 256.136017 0 0 1 -1.000000 -1.000000 -1.000000 -1.000000 -1.000000 2.236068 6 
61 1 0 1 0.000000 13.397333 256.136017 26 0 1 -1.000000 -1.000000 -1.000000 -1.000000 -1.000000 2.236068 6 
62 1 0 1 0.000000 26.662668 253.600006 26 0 1 -1.000000 -1.000000 -1.000000 -1.000000 -1.000000 2.236068 8 
63 1 0 1 160.000000 13.356000 63.333332 22 0 1 5.072156 5.072156 5.072156 5.072156 5.072156 5.072156 130 
64 1 0 1 700.000000 14.425333 72.006668 14 0 1 2.123388 3.233696 4.880284 5.078318 5.078318 2.969543 66 
65 1 0 144 0.000000 10.550667 18.674667 0 0 1 -1.000000 -1.000000 -1.000000 -1.000000 -1.000000 -1.000000 92 
66 1 2 144 0.000000 72.006668 13.380000 4 6 13 5.331723 49.137386 -1.000000 -1.000000 0.000000 -1.000000 30 86 100 56 64 136 26 30 33 28 31 2 29 3 35 5 42 4 32 
67 1 0 2 400.000000 46.383999 229.494675 15 0 2 1.573490 1.573490 1.573490 1.573490 1.573490 1.573490 1 104 
68 1 0 144 550.000000 30.249334 13.380000 1 0 12 5.169497 1.547459 5.169497 5.169497 5.169497 5.169497 31 2 29 3 35 5 42 32 28 33 30 26 
69 1 0 1 1240.000000 117.013329 253.600006 19 0 1 5.669436 1.687442 5.669436 5.669436 5.669436 5.669436 8 
70 1 0 72 400.000000 120.065331 62.533333 18 0 1 5.687022 1.692366 5.687022 5.687022 5.687022 5.687022 108 
71 1 0 1 0.000000 11.036000 256.136017 0 0 1 -1.000000 -1.000000 -1.000000 -1.000000 -1.000000 2.236068 6 
72 1 0 1 600.000000 76.462662 256.136017 14 0 1 7.045749 1.622019 5.435781 5.435781 5.435781 5.711533 6 
73 1 0 1 1300.000000 74.792000 253.600006 19 0 1 5.426154 1.619323 5.426154 5.426154 5.426154 5.426154 8 
74 1 0 144 0.000000 5.694667 13.380000 11 0 7 0.001000 -1.000000 -1.000000 -1.000000 -1.000000 -1.000000 26 30 33 28 31 29 35 
75 1 0 144 0.000000 1.016000 13.380000 12 0 7 0.016393 -1.000000 -1.000000 -1.000000 -1.000000 -1.000000 26 30 33 28 31 29 35 
76 1 0 144 0.000000 31.213333 13.380000 3 0 10 -1.000000 -1.000000 -1.000000 -1.000000 -1.000000 -1.000000 26 30 33 28 31 2 29 3 35 5 
77 1 0 40 1600.000000 819.072021 255.602661 20 0 1 9.714740 2.820127 9.714740 9.714740 9.714740 9.714740 7 
78 1 0 144 0.000000 1.634667 18.674667 0 0 1 -1.000000 -1.000000 -1.000000 -1.000000 -1.000000 -1.000000 92 
79 1 0 1 0.000000 232.300003 253.600006 0 0 1 -1.000000 -1.000000 -1.000000 -1.000000 -1.000000 2.236068 8 
80 1 0 144 0.000000 12.566667 30.064001 12 0 3 0.016649 -1.000000 -1.000000 -1.000000 -1.000000 -1.000000 2 3 5 
81 1 0 144 0.000000 81.199997 30.064001 11 0 4 0.006000 -1.000000 -1.000000 -1.000000 -1.000000 -1.000000 2 3 5 42 
82 1 0 304 700.000000 130.133331 79.590668 1 0 1 5.745034 1.708610 5.745034 5.745034 5.745034 5.745034 4 
83 1 0 144 0.000000 58.333332 18.674667 0 0 1 -1.000000 -1.000000 -1.000000 -1.000000 -1.000000 -1.000000 92 
84 1 0 1 704.000000 81.013329 253.600006 14 0 1 6.562713 1.806973 5.462002 5.462002 5.462002 4.847834 8 
85 1 0 2 0.000000 5.994666 86.826668 23 0 2 -1.000000 -1.000000 -1.000000 -1.000000 -1.000000 -1.000000 104 13 
86 1 0 1 180.000000 10.529333 72.006668 14 0 1 0.436562 1.515643 4.167066 5.055869 5.055869 2.488300 66 
87 1 0 4 700.000000 43.335999 256.136017 16 0 1 5.788684 1.568573 5.713830 5.244903 5.244903 5.643419 6 
88 1 0 1 1000.000000 189.134674 253.600006 14 0 1 10.665495 2.350336 6.294499 6.085003 6.085003 6.011460 8 
89 1 0 1 680.000000 97.000000 253.600006 14 0 1 3.950953 1.943838 5.554118 5.554118 5.554118 5.462570 8 
90 1 0 2 1200.000000 46.647999 229.494675 15 0 2 1.573916 1.573916 1.573916 1.573916 1.573916 1.573916 1 104 
91 1 0 72 600.000000 304.216003 255.602661 18 0 1 6.748109 1.989470 6.748109 6.748109 6.748109 6.748109 7 
92 1 4 1 0.000000 18.674667 63.333332 28 6 1 -1.000000 -1.000000 -1.000000 -1.000000 -1.000000 -1.000000 43 78 93 65 83 118 130 
93 1 0 144 0.000000 3.857333 18.674667 0 0 1 -1.000000 -1.000000 -1.000000 -1.000000 -1.000000 -1.000000 92 
94 1 0 144 32000.000000 261.033356 30.064001 8 0 3 6.499288 6.499288 6.499288 6.499288 6.499288 6.499288 2 3 5 
95 1 0 144 0.000000 52.230663 30.064001 7 0 4 -1.000000 -1.000000 -1.000000 -1.000000 -1.000000 -1.000000 3 5 2 4 
96 1 0 144 0.000000 5.900000 13.380000 6 0 7 -1.000000 -1.000000 -1.000000 -1.000000 -1.000000 -1.000000 31 29 35 28 33 30 26 
97 1 0 40 1300.000000 337.808014 255.602661 17 0 1 6.941668 2.043667 6.941668 6.941668 6.941668 6.941668 7 
98 1 0 1 1200.000000 221.199997 256.136017 19 0 1 6.269766 1.855534 6.269766 6.269766 6.269766 6.269766 6 
99 1 0 144 32000.000000 644.024048 30.064001 8 0 3 8.706103 8.706103 8.706103 8.706103 8.706103 8.706103 2 3 5 
100 1 0 1 400.000000 18.200001 72.006668 14 0 1 1.594541 1.528019 4.669739 5.100068 5.100068 4.097376 66 
101 1 0 1 700.000000 16.612000 63.333332 14 0 1 0.732329 1.865499 6.873093 5.090918 5.090918 2.942069 130 
102 1 0 1 27000.000000 261.033356 253.600006 27 0 1 6.499288 6.499288 6.499288 6.499288 6.499288 6.499288 8 
103 1 0 2 0.000000 37.965332 229.494675 0 0 2 -1.000000 -1.000000 -1.000000 -1.000000 -1.000000 -1.000000 1 104 
104 1 2 304 0.000000 229.494675 13.380000 4 12 9 4.322708 107.902275 -1.000000 -1.000000 0.000000 -1.000000 31 103 57 52 67 14 2 85 22 19 90 38 4 35 29 31 32 28 33 30 26 
105 1 0 1 0.000000 9.754667 253.600006 0 0 1 -1.000000 -1.000000 -1.000000 -1.000000 -1.000000 2.236068 8 
106 1 0 144 920.000000 91.875999 13.380000 1 0 6 5.524593 1.646886 5.524593 5.524593 5.524593 5.524593 42 29 31 28 33 30 
107 1 0 304 700.000000 12.674666 28.340000 1 0 4 5.068231 1.519104 5.068231 5.068231 5.068231 5.068231 29 31 4 32 
108 1 2 304 0.000000 62.533333 13.380000 4 5 12 7.649643 45.856220 -1.000000 -1.000000 0.000000 -1.000000 32 110 34 59 70 28 4 31 29 3 35 5 2 32 33 30 26 
109 1 0 1 1100.000000 113.136002 256.136017 19 0 1 5.647095 1.681186 5.647095 5.647095 5.647095 5.647095 6 
110 1 0 40 704.000000 19.798666 62.533333 25 0 1 5.109279 5.109279 5.109279 5.109279 5.109279 5.109279 108 
111 1 0 4 315.000000 33.234669 187.735992 24 0 1 5.186698 5.186698 5.186698 5.186698 5.186698 5.186698 58 
112 1 0 144 0.000000 14.500000 13.380000 10 0 7 20.000000 1.379310 -1.000000 -1.000000 -1.000000 -1.000000 26 30 33 28 31 29 35 
113 1 0 304 0.000000 2.537333 28.340000 6 0 5 -1.000000 -1.000000 -1.000000 -1.000000 -1.000000 -1.000000 35 29 31 32 26 
114 1 0 1 280.000000 38.020000 253.600006 14 0 1 2.953986 1.559996 4.695077 5.214272 5.214272 4.788343 8 
115 1 0 304 1250.000000 146.456009 28.340000 1 0 4 5.839087 1.734944 5.839087 5.839087 5.839087 5.839087 29 31 4 32 
116 1 0 1 370.000000 18.161333 63.333332 14 0 1 3.738818 1.527957 4.903854 5.099845 5.099845 4.705744 130 
117 1 0 144 5120.000000 713.096008 30.064001 2 0 3 10.898017 5120.000000 9.104099 9.104099 9.104099 9.268053 2 3 5 
118 1 0 144 0.000000 18.953335 18.674667 0 0 1 -1.000000 -1.000000 -1.000000 -1.000000 -1.000000 -1.000000 92 
119 1 0 4 650.000000 27.850666 187.735992 16 0 1 2.398564 2.196457 5.155675 5.155675 5.155675 5.661385 58 
120 1 0 144 0.000000 1694.410767 30.064001 0 0 3 -1.000000 -1.000000 -1.000000 -1.000000 -1.000000 -1.000000 2 3 5 
121 1 0 2 1200.000000 20.327999 86.826668 15 0 1 0.360009 1.531452 1.013304 1.531452 1.531452 0.386422 13 
122 1 0 304 0.000000 9.224000 28.340000 10 0 5 20.000000 2.168257 -1.000000 -1.000000 -1.000000 -1.000000 35 29 31 32 26 
123 1 0 2 380.000000 21.809332 86.826668 15 0 1 2.463153 1.102400 1.142135 1.533842 1.533842 1.607753 13 
124 1 0 304 600.000000 55.962666 28.340000 1 0 6 5.317658 1.588944 5.317658 5.317658 5.317658 5.317658 35 29 31 4 32 26 
125 1 0 1 380.000000 54.810669 253.600006 14 0 1 5.866278 1.741814 5.781472 5.311021 5.311021 6.676508 8 
126 1 0 336 0.000000 32.333336 28.340000 3 0 6 -1.000000 -1.000000 -1.000000 -1.000000 -1.000000 -1.000000 35 29 31 4 32 26 
127 1 0 336 0.000000 780.882690 79.590668 10 0 1 1500.000000 1.920903 -1.000000 -1.000000 -1.000000 -1.000000 4 
128 1 0 336 0.000000 15.765333 28.340000 11 0 6 0.001000 -1.000000 -1.000000 -1.000000 -1.000000 -1.000000 35 29 31 4 32 26 
129 1 0 336 0.000000 37.673332 28.340000 3 0 6 -1.000000 -1.000000 -1.000000 -1.000000 -1.000000 -1.000000 35 29 31 4 32 26 
130 1 2 144 0.000000 63.333332 13.380000 4 6 12 5.562800 47.949818 -1.000000 -1.000000 0.000000 -1.000000 33 63 47 116 101 92 30 33 28 31 2 29 3 35 5 4 32 26 
131 1 0 144 7860.000000 4339.560059 30.064001 2 0 3 44.395599 7860.000000 30.000000 30.000000 30.000000 30.000000 2 3 5 
132 1 0 1 360.000000 67.744003 256.136017 14 0 1 6.191148 1.607952 5.385543 5.385543 5.385543 4.882282 6 
133 1 0 144 0.000000 5.878667 13.380000 0 0 7 -1.000000 -1.000000 -1.000000 -1.000000 -1.000000 -1.000000 26 30 33 28 31 29 35 
134 1 0 4 1300.000000 73.349335 187.735992 21 0 1 5.417841 1.616996 5.417841 5.417841 5.417841 5.417841 58 
135 1 0 1 240.000000 57.855999 256.136017 14 0 1 5.825886 1.591999 5.328568 5.328568 5.328568 5.328568 6 
136 1 0 1 315.000000 21.766666 72.006668 22 0 2 5.120619 5.120619 5.120619 5.120619 5.120619 5.120619 6 66 
137 2 2 144 0.000000 276.329346 14.053332 4 9 8 4.338449 105.987419 -1.000000 -1.000000 0.000000 -1.000000 138 226 255 191 265 259 270 190 159 159 165 157 160 156 161 158 155 
138 2 5 2 0.000000 31.649334 237.656006 28 30 2 -1.000000 -1.000000 -1.000000 -1.000000 -1.000000 -1.000000 149 145 182 211 195 170 238 180 148 154 179 221 153 210 250 152 198 215 189 266 171 202 207 172 196 235 267 192 201 223 137 231 
139 2 5 1 0.000000 40.627998 252.966675 28 30 1 -1.000000 -1.000000 -1.000000 -1.000000 -1.000000 -1.000000 196 145 182 211 195 170 238 180 148 154 179 221 153 210 250 152 198 215 189 266 171 202 207 172 149 235 267 192 201 223 142 
140 2 5 72 0.000000 79.547997 249.100006 28 21 1 -1.000000 -1.000000 -1.000000 -1.000000 -1.000000 -1.000000 235 146 261 147 231 178 177 260 263 253 247 257 262 171 179 196 266 149 189 145 214 143 
141 2 5 1 0.000000 51.505333 250.460007 28 30 1 -1.000000 -1.000000 -1.000000 -1.000000 -1.000000 -1.000000 266 145 182 211 195 170 238 180 148 154 179 221 153 210 250 152 198 215 189 196 171 202 207 172 149 235 267 192 201 223 144 
142 2 2 144 0.000000 252.966675 14.053332 4 14 10 9.922876 108.262062 -1.000000 -1.000000 0.000000 -1.000000 139 222 251 229 245 181 212 168 269 249 185 218 165 228 157 165 228 157 159 160 156 161 158 155 
143 2 2 304 0.000000 249.100006 14.053332 4 9 8 15.635325 98.587822 -1.000000 -1.000000 0.000000 -1.000000 140 188 234 208 175 271 219 237 200 160 165 157 159 156 161 158 155 
144 2 2 144 0.000000 250.460007 14.053332 4 11 7 11.681696 107.235641 -1.000000 -1.000000 0.000000 -1.000000 141 164 227 166 209 186 193 167 162 187 199 165 159 160 156 161 158 155 
145 2 0 144 0.000000 14.760000 31.649334 6 0 5 -1.000000 -1.000000 -1.000000 -1.000000 -1.000000 -1.000000 138 139 141 228 140 
146 2 0 304 0.000000 18.209333 79.547997 6 0 1 -1.000000 -1.000000 -1.000000 -1.000000 -1.000000 -1.000000 140 
147 2 0 304 880.000000 183.585327 79.547997 1 0 1 6.053028 1.794848 6.053028 6.053028 6.053028 6.053028 140 
148 2 0 144 0.000000 13.646667 31.649334 5 0 3 -1.000000 -1.000000 -1.000000 -1.000000 -1.000000 -1.000000 138 139 141 
149 2 2 144 0.000000 84.786667 14.053332 4 6 12 1.674173 53.879879 -1.000000 -1.000000 0.000000 -1.000000 156 176 151 233 264 268 161 156 159 138 157 139 165 141 140 160 158 155 
150 2 0 1 240.000000 10.828000 69.666672 14 0 1 2.829024 0.266511 4.167168 5.057590 5.057590 5.229342 196 
151 2 0 2 510.000000 17.641333 84.786667 15 0 2 0.332309 1.958560 1.181437 1.527118 1.527118 1.094304 231 149 
152 2 0 144 7168.000000 4136.319824 31.649334 2 0 3 42.363197 7168.000000 28.828917 28.828917 28.828917 28.828917 138 139 141 
153 2 0 144 0.000000 593.733337 31.649334 10 0 3 1050.000000 1.768471 -1.000000 -1.000000 -1.000000 -1.000000 138 139 141 
154 2 0 144 750.000000 134.526657 31.649334 1 0 4 5.770349 1.715698 5.770349 5.770349 5.770349 5.770349 138 139 141 228 
155 2 21 1 300.000000 259.839996 0.000000 13 27 0 6.492412 6.492412 6.492412 6.492412 6.492412 -1.000000 243 273 172 207 205 206 196 266 149 235 202 224 244 254 260 263 262 178 257 171 177 144 142 137 143 231 189 
156 2 5 2 0.000000 14.053332 84.786667 28 23 1 -1.000000 -1.000000 -1.000000 -1.000000 -1.000000 -1.000000 243 273 172 207 205 206 196 266 149 235 202 224 137 184 183 220 171 256 189 231 142 144 143 149 
157 2 5 4 0.000000 44.939999 186.528000 28 33 1 -1.000000 -1.000000 -1.000000 -1.000000 -1.000000 -1.000000 243 273 172 207 205 206 196 266 149 235 202 224 142 184 183 220 171 256 244 254 260 263 262 178 247 177 253 257 189 231 143 142 137 189 
158 2 5 1 0.000000 15.709333 69.666672 28 23 1 -1.000000 -1.000000 -1.000000 -1.000000 -1.000000 -1.000000 243 273 172 207 205 206 196 266 149 235 202 224 142 184 183 220 171 256 189 231 144 137 143 196 
159 2 5 2 0.000000 32.765331 237.656006 28 33 2 -1.000000 -1.000000 -1.000000 -1.000000 -1.000000 -1.000000 243 273 172 207 205 206 196 266 149 235 202 224 137 184 183 220 171 256 244 254 260 263 262 178 247 177 253 257 189 231 144 142 143 231 137 
160 2 5 40 0.000000 29.166666 61.000000 28 22 1 -1.000000 -1.000000 -1.000000 -1.000000 -1.000000 -1.000000 143 257 254 244 202 235 247 253 260 263 262 178 177 189 196 266 149 171 231 144 142 137 235 
161 2 5 1 0.000000 20.360001 61.466667 28 23 1 -1.000000 -1.000000 -1.000000 -1.000000 -1.000000 -1.000000 243 273 172 207 205 206 196 266 149 235 202 224 144 184 183 220 171 256 189 231 142 137 143 266 
162 2 0 1 720.000000 105.249329 250.460007 14 0 1 8.616736 3.436732 4.999934 5.601651 5.601651 6.091552 144 
163 2 0 1 700.000000 14.532001 69.666672 14 0 1 0.449605 4.901047 4.739411 5.078933 5.078933 4.345825 196 
164 2 0 1 360.000000 54.333332 250.460007 14 0 1 6.595748 1.586316 5.308270 5.308270 5.308270 5.308270 144 
165 2 5 1 300.000000 86.613327 252.966675 28 27 1 5.494269 5.494269 5.494269 5.494269 5.494269 -1.000000 243 273 172 207 205 206 196 266 149 235 202 224 244 254 260 263 262 178 257 171 177 144 142 137 143 231 189 142 
166 2 0 1 0.000000 27.770666 250.460007 26 0 1 -1.000000 -1.000000 -1.000000 -1.000000 -1.000000 -1.000000 144 
167 2 0 1 1300.000000 76.689331 250.460007 19 0 1 5.437087 1.622384 5.437087 5.437087 5.437087 5.437087 144 
168 2 0 1 1200.000000 74.857338 252.966675 19 0 1 5.426531 1.619429 5.426531 5.426531 5.426531 5.426531 142 
169 2 0 144 0.000000 57.906666 20.189335 0 0 1 -1.000000 -1.000000 -1.000000 -1.000000 -1.000000 -1.000000 246 
170 2 0 144 1700.000000 524.234680 31.649334 1 0 3 8.015870 2.344444 8.015870 8.015870 8.015870 8.015870 138 139 141 
171 2 0 144 0.000000 0.940000 14.053332 0 0 13 -1.000000 -1.000000 -1.000000 -1.000000 -1.000000 -1.000000 139 165 141 228 157 138 159 140 160 156 161 158 155 
172 2 0 144 0.000000 28.320002 14.053332 3 0 10 -1.000000 -1.000000 -1.000000 -1.000000 -1.000000 -1.000000 155 158 161 156 159 157 139 165 141 138 
173 2 0 40 660.000000 126.309341 61.000000 17 0 1 5.723000 1.702440 5.723000 5.723000 5.723000 5.723000 235 
174 2 0 40 0.000000 31.626667 61.000000 0 0 1 -1.000000 -1.000000 -1.000000 -1.000000 -1.000000 -1.000000 235 
175 2 0 40 880.000000 245.101349 249.100006 17 0 1 6.407487 1.894096 6.407487 6.407487 6.407487 6.407487 143 
176 2 0 2 0.000000 5.425333 84.786667 23 0 2 -1.000000 -1.000000 -1.000000 -1.000000 -1.000000 -1.000000 231 149 
177 2 0 304 0.000000 2.640000 29.166666 0 0 6 -1.000000 -1.000000 -1.000000 -1.000000 -1.000000 -1.000000 165 157 159 140 160 155 
178 2 0 304 0.000000 2.140000 29.166666 12 0 6 0.016575 -1.000000 -1.000000 -1.000000 -1.000000 -1.000000 165 157 159 140 160 155 
179 2 0 144 0.000000 3.816000 31.649334 0 0 5 -1.000000 -1.000000 -1.000000 -1.000000 -1.000000 -1.000000 138 139 141 228 140 
180 2 0 144 32000.000000 273.894684 31.649334 8 0 3 6.573396 6.573396 6.573396 6.573396 6.573396 6.573396 138 139 141 
181 2 0 1 315.000000 23.044001 69.666672 22 0 2 5.127979 5.127979 5.127979 5.127979 5.127979 5.127979 142 196 
182 2 0 144 0.000000 1377.216064 31.649334 10 0 3 3150.000000 2.287223 -1.000000 -1.000000 -1.000000 -1.000000 138 139 141 
183 2 0 144 890.000000 92.659996 14.053332 1 0 6 6.261274 1.484346 5.529111 5.529111 5.529111 5.529111 228 157 159 156 161 158 
184 2 0 144 0.000000 63.000000 14.053332 10 0 6 250.000000 3.968254 -1.000000 -1.000000 -1.000000 -1.000000 228 157 159 156 161 158 
185 2 0 1 450.000000 145.253326 252.966675 14 0 1 11.858622 1.733004 5.832157 5.832157 5.832157 5.832157 142 
186 2 0 1 600.000000 500.413330 250.460007 14 0 1 16.649405 2.796213 8.539848 7.878610 7.878610 7.809820 144 
187 2 0 1 22000.000000 273.894684 250.460007 27 0 1 6.573396 6.573396 6.573396 6.573396 6.573396 6.573396 144 
188 2 0 40 0.000000 153.519989 249.100006 0 0 1 -1.000000 -1.000000 -1.000000 -1.000000 -1.000000 -1.000000 143 
189 2 2 144 0.000000 186.528000 14.053332 4 6 12 8.834653 97.463013 -1.000000 -1.000000 0.000000 -1.000000 157 230 242 240 216 258 138 139 141 165 157 159 140 160 156 161 158 155 
190 2 0 2 0.000000 38.294666 237.656006 0 0 2 -1.000000 -1.000000 -1.000000 -1.000000 -1.000000 -1.000000 137 231 
191 2 0 2 1280.000000 49.099998 237.656006 15 0 2 1.577872 1.577872 1.577872 1.577872 1.577872 1.577872 137 231 
192 2 0 144 1500.000000 403.760010 31.649334 1 0 4 7.321688 2.150073 7.321688 7.321688 7.321688 7.321688 139 141 228 138 
193 2 0 1 0.000000 10.212000 250.460007 0 0 1 -1.000000 -1.000000 -1.000000 -1.000000 -1.000000 -1.000000 144 
194 2 0 1 240.000000 14.618666 61.466667 14 0 1 1.970896 0.973716 5.013318 5.079432 5.079432 4.259000 266 
195 2 0 144 4032.000000 660.760010 31.649334 2 0 3 7.607600 4032.000000 8.802537 8.802537 8.802537 8.802537 138 139 141 
196 2 2 144 0.000000 69.666672 14.053332 4 6 13 5.491922 50.719044 -1.000000 -1.000000 0.000000 -1.000000 158 150 248 252 163 181 155 158 161 156 159 157 139 165 141 228 138 140 160 
197 2 0 1 1000.000000 3284.733154 671.465332 14 0 1 23.922028 6.798167 23.922028 23.922028 23.922028 23.922028 198 
198 2 2 144 0.000000 671.465332 31.649334 4 1 3 26.787840 123.163475 -1.000000 -1.000000 0.000000 -1.000000 197 138 139 141 
199 2 0 1 360.000000 79.290665 250.460007 14 0 1 7.740973 1.626581 6.597012 5.452076 5.452076 5.298661 144 
200 2 0 72 520.000000 411.586670 249.100006 18 0 1 7.366785 2.162700 7.366785 7.366785 7.366785 7.366785 143 
201 2 0 144 0.000000 175.637329 31.649334 10 0 3 380.000000 2.163549 -1.000000 -1.000000 -1.000000 -1.000000 139 141 138 
202 2 0 144 550.000000 30.969334 14.053332 1 0 12 5.777252 1.722975 5.173645 5.173645 5.173645 5.173645 159 157 139 165 141 228 138 160 156 161 158 155 
203 2 0 144 0.000000 3.827200 20.189335 0 0 1 -1.000000 -1.000000 -1.000000 -1.000000 -1.000000 -1.000000 246 
204 2 0 144 0.000000 11.114267 20.189335 0 0 1 -1.000000 -1.000000 -1.000000 -1.000000 -1.000000 -1.000000 246 
205 2 0 144 0.000000 5.785333 14.053332 11 0 7 0.001000 -1.000000 -1.000000 -1.000000 -1.000000 -1.000000 155 158 161 156 159 157 165 
206 2 0 144 0.000000 1.033333 14.053332 12 0 7 0.016393 -1.000000 -1.000000 -1.000000 -1.000000 -1.000000 155 158 161 156 159 157 165 
207 2 0 144 0.000000 32.733334 14.053332 3 0 10 -1.000000 -1.000000 -1.000000 -1.000000 -1.000000 -1.000000 155 158 161 156 159 157 139 165 141 138 
208 2 0 40 1300.000000 357.756012 249.100006 17 0 1 7.056610 2.075851 7.056610 7.056610 7.056610 7.056610 143 
209 2 0 1 1240.000000 217.173340 250.460007 19 0 1 6.246564 1.849038 6.246564 6.246564 6.246564 6.246564 144 
210 2 0 144 0.000000 14.670667 31.649334 12 0 3 0.016644 -1.000000 -1.000000 -1.000000 -1.000000 -1.000000 138 139 141 
211 2 0 144 0.000000 78.581337 31.649334 11 0 4 0.006000 -1.000000 -1.000000 -1.000000 -1.000000 -1.000000 138 139 141 228 
212 2 0 1 875.000000 59.220001 252.966675 14 0 1 7.664861 1.594200 6.814082 5.336428 5.336428 5.336428 142 
213 2 0 144 0.000000 1.405333 20.189335 0 0 1 -1.000000 -1.000000 -1.000000 -1.000000 -1.000000 -1.000000 246 
214 2 0 304 750.000000 134.526657 79.547997 1 0 1 5.770349 1.715698 5.770349 5.770349 5.770349 5.770349 140 
215 2 0 144 5120.000000 686.776001 31.649334 2 0 3 15.877752 5120.000000 9.508008 8.952442 8.952442 9.177691 138 139 141 
216 2 0 4 1300.000000 72.538666 186.528000 21 0 1 5.413170 1.615688 5.413170 5.413170 5.413170 5.413170 189 
217 2 0 144 0.000000 2.070667 20.189335 0 0 1 -1.000000 -1.000000 -1.000000 -1.000000 -1.000000 -1.000000 246 
218 2 0 1 0.000000 33.535999 252.966675 0 0 1 -1.000000 -1.000000 -1.000000 -1.000000 -1.000000 -1.000000 142 
219 2 0 40 0.000000 37.162666 249.100006 26 0 1 -1.000000 -1.000000 -1.000000 -1.000000 -1.000000 -1.000000 143 
220 2 0 144 700.000000 8.673334 14.053332 1 0 5 2.761611 2.541700 3.157533 5.045175 5.045175 3.803859 157 159 156 161 158 
221 2 0 144 1900.000000 283.265320 31.649334 1 0 3 7.618710 1.955669 6.627390 6.627390 6.627390 6.627390 138 139 141 
222 2 0 1 300.000000 38.610664 252.966675 14 0 1 6.591194 1.560949 5.739588 5.217675 5.217675 4.660646 142 
223 2 0 144 0.000000 54.429333 31.649334 7 0 3 -1.000000 -1.000000 -1.000000 -1.000000 -1.000000 -1.000000 139 141 138 
224 2 0 144 0.000000 6.066667 14.053332 6 0 7 -1.000000 -1.000000 -1.000000 -1.000000 -1.000000 -1.000000 159 157 165 156 161 158 155 
225 2 0 1 370.000000 18.554667 61.466667 14 0 1 1.958833 0.047021 4.935704 5.102111 5.102111 5.490434 266 
226 2 0 2 450.000000 49.099998 237.656006 15 0 2 1.622587 1.577872 1.577872 1.577872 1.577872 1.577872 137 231 
227 2 0 1 440.000000 143.779999 250.460007 14 0 1 7.877653 1.730627 6.256290 5.823667 5.823667 6.577398 144 
228 2 13 1 0.000000 139.904007 252.966675 28 12 1 -1.000000 -1.000000 -1.000000 -1.000000 -1.000000 -1.000000 145 202 211 184 171 179 154 183 267 192 196 142 142 
229 2 0 1 0.000000 13.794665 252.966675 26 0 1 -1.000000 -1.000000 -1.000000 -1.000000 -1.000000 -1.000000 142 
230 2 0 4 345.000000 36.077335 186.528000 24 0 1 5.203078 5.203078 5.203078 5.203078 5.203078 5.203078 189 
231 2 2 304 0.000000 237.656006 14.053332 4 12 9 4.191241 111.314148 -1.000000 -1.000000 0.000000 -1.000000 159 190 268 151 255 259 138 176 226 264 191 270 140 165 157 159 160 156 161 158 155 
232 2 0 40 690.000000 21.445333 61.000000 25 0 1 5.118768 5.118768 5.118768 5.118768 5.118768 5.118768 235 
233 2 0 2 1200.000000 20.688000 84.786667 15 0 1 0.466136 0.846018 2.379533 1.532033 1.532033 2.069702 149 
234 2 0 72 600.000000 263.986664 249.100006 18 0 1 6.516305 1.924565 6.516305 6.516305 6.516305 6.516305 143 
235 2 2 304 0.000000 61.000000 14.053332 4 5 12 8.061921 49.798195 -1.000000 -1.000000 0.000000 -1.000000 160 232 173 174 241 156 140 159 157 139 165 141 138 160 161 158 155 
236 2 0 144 0.000000 19.600000 20.189335 0 0 1 -1.000000 -1.000000 -1.000000 -1.000000 -1.000000 -1.000000 246 
237 2 0 40 880.000000 155.294662 249.100006 17 0 1 5.890016 1.749204 5.890016 5.890016 5.890016 5.890016 143 
238 2 0 144 32000.000000 617.547974 31.649334 8 0 3 8.553547 8.553547 8.553547 8.553547 8.553547 8.553547 138 139 141 
239 2 0 1 690.000000 16.741333 61.466667 14 0 1 2.884004 3.704370 4.806874 5.091663 5.091663 3.817199 266 
240 2 0 4 660.000000 27.112000 186.528000 16 0 1 5.416631 2.438859 4.682493 5.151419 5.151419 4.503307 189 
241 2 0 72 400.000000 125.102661 61.000000 18 0 1 5.716047 1.700493 5.716047 5.716047 5.716047 5.716047 235 
242 2 0 4 390.000000 40.091999 186.528000 16 0 1 5.548244 1.563339 5.226211 5.226211 5.226211 5.226211 189 
243 2 0 144 0.000000 14.100000 14.053332 10 0 7 20.000000 1.418440 -1.000000 -1.000000 -1.000000 -1.000000 155 158 161 156 159 157 165 
244 2 0 304 0.000000 2.532000 29.166666 6 0 5 -1.000000 -1.000000 -1.000000 -1.000000 -1.000000 -1.000000 165 157 159 160 155 
245 2 0 1 0.000000 20.158667 252.966675 26 0 1 -1.000000 -1.000000 -1.000000 -1.000000 -1.000000 -1.000000 142 
246 2 4 1 0.000000 20.189335 61.466667 28 6 1 -1.000000 -1.000000 -1.000000 -1.000000 -1.000000 -1.000000 217 213 203 204 169 236 266 
247 2 0 304 700.000000 12.908000 29.166666 1 0 4 5.069575 1.519481 5.069575 5.069575 5.069575 5.069575 157 159 140 160 
248 2 0 1 400.000000 18.338667 69.666672 14 0 1 2.424247 0.236147 5.247578 5.100867 5.100867 4.968375 196 
249 2 0 1 780.000000 254.052002 252.966675 14 0 1 6.459061 1.908537 6.459061 6.459061 6.459061 6.459061 142 
250 2 0 144 0.000000 1686.397217 31.649334 0 0 3 -1.000000 -1.000000 -1.000000 -1.000000 -1.000000 -1.000000 138 139 141 
251 2 0 1 400.000000 75.166672 252.966675 14 0 1 5.951272 1.619928 5.428313 5.428313 5.428313 5.428313 142 
252 2 0 1 360.000000 21.112000 69.666672 14 0 1 4.259497 0.528985 5.931744 5.116847 5.116847 5.692785 196 
253 2 0 304 1200.000000 154.998672 29.166666 1 0 4 5.888310 1.748727 5.888310 5.888310 5.888310 5.888310 157 159 140 160 
254 2 0 304 0.000000 9.102667 29.166666 10 0 5 20.000000 2.197158 -1.000000 -1.000000 -1.000000 -1.000000 165 157 159 160 155 
255 2 0 2 400.000000 45.183998 237.656006 15 0 2 1.571554 1.571554 1.571554 1.571554 1.571554 1.571554 137 231 
256 2 0 144 1330.000000 162.041336 14.053332 1 0 5 6.276044 1.760089 6.671849 5.928890 5.928890 5.928890 157 159 156 161 158 
257 2 0 304 600.000000 58.118664 29.166666 1 0 6 5.330081 1.592423 5.330081 5.330081 5.330081 5.330081 165 157 159 140 160 155 
258 2 0 4 0.000000 25.052000 186.528000 24 0 1 -1.000000 -1.000000 -1.000000 -1.000000 -1.000000 -1.000000 189 
259 2 0 2 450.000000 52.689331 237.656006 15 0 2 1.583663 1.583663 1.142851 1.583663 1.583663 1.583663 137 231 
260 2 0 336 0.000000 31.386667 29.166666 3 0 6 -1.000000 -1.000000 -1.000000 -1.000000 -1.000000 -1.000000 165 157 159 140 160 155 
261 2 0 336 0.000000 797.465332 79.547997 10 0 1 1550.000000 1.943658 -1.000000 -1.000000 -1.000000 -1.000000 140 
262 2 0 336 0.000000 15.458667 29.166666 11 0 6 0.001000 -1.000000 -1.000000 -1.000000 -1.000000 -1.000000 165 157 159 140 160 155 
263 2 0 336 0.000000 37.030666 29.166666 3 0 6 -1.000000 -1.000000 -1.000000 -1.000000 -1.000000 -1.000000 165 157 159 140 160 155 
264 2 0 2 0.000000 15.093333 84.786667 0 0 2 -1.000000 -1.000000 -1.000000 -1.000000 -1.000000 -1.000000 231 149 
265 2 0 2 510.000000 34.997334 276.329346 15 0 1 1.555119 1.555119 1.555119 1.555119 1.555119 1.555119 137 
266 2 2 144 0.000000 61.466667 14.053332 4 6 12 5.484756 46.930752 -1.000000 -1.000000 0.000000 -1.000000 161 272 194 225 239 246 158 161 156 159 157 139 165 141 138 140 160 155 
267 2 0 144 1350.000000 242.691986 31.649334 1 0 4 12.205028 3.298269 6.393604 6.393604 6.393604 6.393604 139 141 228 138 
268 2 0 2 400.000000 21.498667 84.786667 15 0 2 0.529965 1.533341 1.160492 1.533341 1.533341 1.533341 231 149 
269 2 0 1 0.000000 11.010667 252.966675 0 0 1 -1.000000 -1.000000 -1.000000 -1.000000 -1.000000 -1.000000 142 
270 2 0 2 0.000000 44.232002 237.656006 23 0 2 -1.000000 -1.000000 -1.000000 -1.000000 -1.000000 -1.000000 137 231 
271 2 0 40 1600.000000 777.762634 249.100006 20 0 1 9.476713 2.753479 9.476713 9.476713 9.476713 9.476713 143 
272 2 0 1 160.000000 13.700000 61.466667 22 0 1 5.074139 5.074139 5.074139 5.074139 5.074139 5.074139 266 
273 2 0 144 0.000000 6.197333 14.053332 0 0 7 -1.000000 -1.000000 -1.000000 -1.000000 -1.000000 -1.000000 155 158 161 156 159 157 165 
0 
-1.000000 -1.000000 -1.000000 -1.000000 -1.000000 -1.000000 -1.000000 -1.000000 -1.000000 

12 11 15 17 36 46 55 68 82 106 107 115 124 
703.333374 9.024000 161.763901 273.437500 7.199219 79.083656 1995.000000 550.000000 1024.583374 

3 21 117 131 
4339.560059 601.640015 1884.765259 1515.589844 265.335938 857.794250 7860.000000 3800.000000 5593.333496 

4 39 76 126 129 
37.673332 27.240000 32.114998 61.488281 11.425781 34.293945 -1.000000 -1.000000 -1.000000 

10 1 6 7 8 13 58 66 104 108 130 
278.361328 62.533333 174.563065 75.187500 23.632813 48.232033 -1.000000 -1.000000 -1.000000 

1 12 
13.437334 13.437334 13.437334 21.441406 21.441406 21.441406 -1.000000 -1.000000 -1.000000 

3 9 96 113 
14.940000 2.537333 7.792444 18.750000 3.562500 8.917969 2880.000000 0.000000 1493.333374 

1 95 
52.230663 52.230663 52.230663 102.203125 102.203125 102.203125 840.000000 840.000000 840.000000 

2 94 99 
644.024048 261.033356 452.528687 697.082031 373.742188 535.412109 -1.000000 -1.000000 -1.000000 

0 
-1.000000 -1.000000 -1.000000 -1.000000 -1.000000 -1.000000 -1.000000 -1.000000 -1.000000 

6 24 53 54 112 122 127 
1402.693359 9.224000 478.355804 879.074219 8.546875 312.204437 3000.000000 0.000000 961.666687 

3 74 81 128 
81.199997 5.694667 34.219997 139.648438 7.031250 54.329426 0.006000 0.001000 0.002667 

3 50 75 80 
12.566667 1.016000 5.218667 45.546875 10.175781 22.425781 -1.000000 -1.000000 -1.000000 

1 26 
262.544006 262.544006 262.544006 140.906250 140.906250 140.906250 -1.000000 -1.000000 -1.000000 

17 23 45 47 56 64 72 84 86 88 89 100 101 114 116 125 132 135 
189.134674 10.529333 56.556396 98.800781 5.671875 29.863741 1000.000000 180.000000 489.647064 

8 14 22 52 57 67 90 121 123 
52.500000 17.511999 36.386997 89.062500 28.695313 55.525879 1200.000000 380.000000 637.500000 

3 16 87 119 
43.335999 27.850666 37.398224 31.699219 14.636719 23.234375 700.000000 400.000000 583.333313 

4 18 27 34 97 
337.808014 127.765335 217.154999 130.765625 52.308594 88.289063 1300.000000 660.000000 922.500000 

2 70 91 
304.216003 120.065331 212.140671 138.804688 38.648438 88.726563 600.000000 400.000000 500.000000 

4 69 73 98 109 
221.199997 74.792000 131.535324 117.281250 50.343750 75.849609 -1.000000 -1.000000 -1.000000 

1 77 
819.072021 819.072021 819.072021 250.371094 250.371094 250.371094 -1.000000 -1.000000 -1.000000 

1 134 
73.349335 73.349335 73.349335 70.050781 70.050781 70.050781 -1.000000 -1.000000 -1.000000 

3 48 63 136 
36.689335 13.356000 23.937332 41.183594 17.167969 28.263021 -1.000000 -1.000000 -1.000000 

2 38 85 
43.749336 5.994666 24.872002 40.058594 8.078125 24.068359 -1.000000 -1.000000 -1.000000 

1 111 
33.234669 33.234669 33.234669 19.851563 19.851563 19.851563 -1.000000 -1.000000 -1.000000 

1 110 
19.798666 19.798666 19.798666 8.054688 8.054688 8.054688 -1.000000 -1.000000 -1.000000 

5 40 41 44 61 62 
35.284000 13.397333 25.816799 58.957031 30.863281 45.702343 -1.000000 -1.000000 -1.000000 

1 102 
261.033356 261.033356 261.033356 373.742188 373.742188 373.742188 -1.000000 -1.000000 -1.000000 

14 2 3 4 5 26 28 29 30 31 32 33 35 42 92 
262.544006 13.380000 62.664387 140.906250 11.867188 50.881138 860.000000 50.000000 209.642853 

30.000000 90.000000 20.333334 54.476471 

153.000000 480.000000 109.333336 264.975006 

60.000000 87.000000 9.333333 75.000000 

75.000000 90.000000 5.333333 85.500000 

47.250000 78.750000 10.833333 63.000000 

0.000000 0.000000 0.333333 0.000000 

0 
-1.000000 -1.000000 -1.000000 -1.000000 -1.000000 -1.000000 -1.000000 -1.000000 -1.000000 

14 147 154 170 183 192 202 214 220 221 247 253 256 257 267 
524.234680 8.673334 173.354263 224.867188 6.832031 86.766182 1900.000000 550.000000 1057.142822 

3 152 195 215 
4136.319824 660.760010 1827.952026 1455.347656 285.234375 836.423157 7168.000000 4032.000000 5440.000000 

4 172 207 260 263 
37.030666 28.320002 32.367668 56.570313 11.425781 33.233398 -1.000000 -1.000000 -1.000000 

11 137 142 143 144 149 189 196 198 231 235 266 
671.465332 61.000000 218.311371 163.816406 23.437500 59.533382 -1.000000 -1.000000 -1.000000 

1 148 
13.646667 13.646667 13.646667 21.082031 21.082031 21.082031 -1.000000 -1.000000 -1.000000 

4 145 146 224 244 
18.209333 2.532000 10.392000 23.812500 3.515625 12.786133 2880.000000 0.000000 1120.000000 

1 223 
54.429333 54.429333 54.429333 110.320313 110.320313 110.320313 882.000000 882.000000 882.000000 

2 180 238 
617.547974 273.894684 445.721313 707.980469 376.757813 542.369141 -1.000000 -1.000000 -1.000000 

0 
-1.000000 -1.000000 -1.000000 -1.000000 -1.000000 -1.000000 -1.000000 -1.000000 -1.000000 

7 153 182 184 201 243 254 261 
1377.216064 9.102667 432.893585 883.886719 8.179688 289.217621 3150.000000 0.000000 914.285706 

3 205 211 262 
78.581337 5.785333 33.275112 126.953125 7.320313 50.730469 0.006000 0.001000 0.002667 

3 178 206 210 
14.670667 1.033333 5.948000 53.714844 10.476563 24.889322 -1.000000 -1.000000 -1.000000 

1 155 
259.839996 259.839996 259.839996 157.863281 157.863281 157.863281 -1.000000 -1.000000 -1.000000 

18 150 162 163 164 185 186 194 197 199 212 222 225 227 239 248 249 251 252 
3284.733154 10.828000 269.712616 1805.273438 5.949219 134.849396 1000.000000 240.000000 515.833313 

8 151 191 226 233 255 259 265 268 
52.689331 17.641333 36.362331 82.031250 28.738281 55.746582 1280.000000 400.000000 650.000000 

2 240 242 
40.091999 27.112000 33.601997 33.453125 14.636719 24.044922 660.000000 390.000000 525.000000 

4 173 175 208 237 
357.756012 126.309341 221.115356 129.644531 52.218750 89.323242 1300.000000 660.000000 930.000000 

3 200 234 241 
411.586670 125.102661 266.891998 150.652344 38.003906 108.520836 600.000000 400.000000 506.666656 

3 167 168 209 
217.173340 74.857338 122.906670 106.007813 40.554688 68.385414 -1.000000 -1.000000 -1.000000 

1 271 
777.762634 777.762634 777.762634 238.125000 238.125000 238.125000 -1.000000 -1.000000 -1.000000 

1 216 
72.538666 72.538666 72.538666 74.703125 74.703125 74.703125 -1.000000 -1.000000 -1.000000 

2 181 272 
23.044001 13.700000 18.372000 25.554688 17.753906 21.654297 -1.000000 -1.000000 -1.000000 

2 176 270 
44.232002 5.425333 24.828669 41.449219 6.738281 24.093750 -1.000000 -1.000000 -1.000000 

2 230 258 
36.077335 25.052000 30.564667 25.503906 20.785156 23.144531 -1.000000 -1.000000 -1.000000 

1 232 
21.445333 21.445333 21.445333 7.332031 7.332031 7.332031 -1.000000 -1.000000 -1.000000 

4 166 219 229 245 
37.162666 13.794665 24.721666 61.742188 30.855469 49.171875 -1.000000 -1.000000 -1.000000 

1 187 
273.894684 273.894684 273.894684 376.757813 376.757813 376.757813 -1.000000 -1.000000 -1.000000 

14 138 139 140 141 155 156 157 158 159 160 161 165 228 246 
259.839996 14.053332 61.919430 157.863281 13.593750 55.313057 720.000000 50.000000 199.642853 

24.000000 60.000000 12.333333 44.716667 

167.399994 360.000000 64.533333 251.831253 

75.000000 87.000000 4.333333 81.000000 

72.000000 87.900002 5.633334 81.224998 

42.750000 81.599998 13.283333 56.825001 

0.000000 0.000000 0.333333 0.000000 

